19-04-2019,20-04-2019,Hotel Pennsylvania,647,5.6/10,"40,715"
19-04-2019,20-04-2019,"Club Quarters Hotel, Opposite Rockefeller Center",931,8.1/10,"2,033"
19-04-2019,20-04-2019,"Martinique New York on Broadway, Curio Collection by Hilton",913,8.2/10,"7,942"
19-04-2019,20-04-2019,"Club Quarters Hotel, Grand Central",967,8.8/10,"1,310"
19-04-2019,20-04-2019,Amsterdam Court Hotel,"1,032",7.3/10,"2,141"
19-04-2019,20-04-2019,DoubleTree by Hilton - Chelsea,882,7.8/10,"1,270"
19-04-2019,20-04-2019,Broadway at Times Square Hotel,"1,039",8.4/10,"3,082"
19-04-2019,20-04-2019,Hampton Inn Manhattan Grand Central,895,8.7/10,"2,363"
19-04-2019,20-04-2019,Night Hotel Times Square,"1,075",7.5/10,"2,391"
19-04-2019,20-04-2019,Cambria Hotel New York - Times Square,787,8.7/10,"3,880"
19-04-2019,20-04-2019,Hilton Garden Inn West 35th Street,884,8.6/10,"2,096"
19-04-2019,20-04-2019,DoubleTree by Hilton NYC - Financial District,895,7.8/10,"3,163"
19-04-2019,20-04-2019,Westgate New York Grand Central,853,7.6/10,"1,607"
19-04-2019,20-04-2019,Broadway Plaza Hotel,823,8.5/10,653
19-04-2019,20-04-2019,Soho Grand Hotel,"1,280",8.5/10,"1,614"
19-04-2019,20-04-2019,The Watson Hotel,922,7.8/10,"12,297"
19-04-2019,20-04-2019,Hilton Times Square,931,8.4/10,"1,863"
19-04-2019,20-04-2019,"Night Hotel Theater District, Times Square","1,506",8.0/10,566
19-04-2019,20-04-2019,"Distrikt Hotel New York City, Tapestry Collection by Hilton",823,8.3/10,"1,431"
19-04-2019,20-04-2019,The Hotel @ New York City,823,7.7/10,"3,898"
19-04-2019,20-04-2019,Cambria Hotel New York - Chelsea,823,8.8/10,"1,430"
19-04-2019,20-04-2019,Days Hotel by Wyndham on Broadway NYC,773,6.6/10,"5,094"
19-04-2019,20-04-2019,Eurostars Wall Street,827,8.1/10,914
19-04-2019,20-04-2019,Grand Hyatt New York,"1,147",7.7/10,"4,773"
19-04-2019,20-04-2019,Millennium Times Square New York,802,7.7/10,"3,607"
19-04-2019,20-04-2019,Holiday Inn Express - Times Square South,931,8.3/10,"2,410"
19-04-2019,20-04-2019,Hampton Inn Madison Square Garden,859,8.7/10,"1,210"
19-04-2019,20-04-2019,1 Hotel Central Park,"2,126",8.9/10,"1,271"
19-04-2019,20-04-2019,Club Quarters Hotel Midtown - Times Square,859,8.3/10,"1,334"
19-04-2019,20-04-2019,The Hotel at Times Square,931,7.9/10,"7,803"
19-04-2019,20-04-2019,Candlewood Suites NYC -Times Square,715,8.1/10,"2,425"
19-04-2019,20-04-2019,"Hotel Shocard, New York",895,8.3/10,"1,712"
19-04-2019,20-04-2019,Hotel Wales,"1,494",8.1/10,923
19-04-2019,20-04-2019,Warwick New York,"1,420",8.3/10,"4,167"
19-04-2019,20-04-2019,City Club Hotel,931,8.3/10,"1,131"
19-04-2019,20-04-2019,Hotel Edison Times Square,791,7.6/10,"12,581"
19-04-2019,20-04-2019,"Park South, a Joie de Vivre Hotel",967,8.7/10,921
19-04-2019,20-04-2019,The Marcel at Gramercy,"1,003",8.3/10,"2,170"
19-04-2019,20-04-2019,The Standard - East Village,"1,060",8.8/10,814
19-04-2019,20-04-2019,Fairfield Inn by Marriott New York Manhattan/Financial District,895,8.3/10,"2,894"
19-04-2019,20-04-2019,SoHo 54,935,8.0/10,573
19-04-2019,20-04-2019,"The Standard, High Line New York","1,456",8.3/10,"3,024"
19-04-2019,20-04-2019,"Hudson New York, Central Park",823,7.1/10,"11,521"
19-04-2019,20-04-2019,"The New Yorker, A Wyndham Hotel",913,7.9/10,"8,249"
19-04-2019,20-04-2019,The Allen Hotel,845,8.5/10,948
19-04-2019,20-04-2019,The Redbury New York,931,8.1/10,"3,071"
19-04-2019,20-04-2019,Hilton Garden Inn New York Times Square South,920,8.7/10,"1,923"
19-04-2019,20-04-2019,Sohotel,931,8.4/10,"1,939"
19-04-2019,20-04-2019,Wellington Hotel,917,7.8/10,"6,714"
19-04-2019,20-04-2019,Hampton Inn Manhattan-35th Street/Empire State Building,787,8.6/10,"1,467"
19-04-2019,20-04-2019,Athenas Domus # 2,643,9.4/10,52
19-04-2019,20-04-2019,Flatiron Hotel,715,7.2/10,580
19-04-2019,20-04-2019,MOXY NYC Times Square,823,8.5/10,"5,556"
19-04-2019,20-04-2019,Seton Hotel,934,8.4/10,"1,505"
19-04-2019,20-04-2019,Sixty LES,701,8.2/10,977
19-04-2019,20-04-2019,Best Western Premier Herald Square,"1,258",8.6/10,"1,266"
19-04-2019,20-04-2019,The Gatsby Hotel,"1,039",7.8/10,310
19-04-2019,20-04-2019,Pod 39,809,8.2/10,"6,991"
19-04-2019,20-04-2019,Heritage Hotel New York City,730,7.2/10,"3,081"
19-04-2019,20-04-2019,Hampton Inn Manhattan - Times Square South,733,8.4/10,"1,450"
19-04-2019,20-04-2019,citizenM New York Bowery,773,9.2/10,828
19-04-2019,20-04-2019,Arlo NoMad,904,8.7/10,"3,079"
19-04-2019,20-04-2019,The Dominick Hotel,"1,348",8.6/10,"1,272"
19-04-2019,20-04-2019,Arlo SoHo,753,8.6/10,"3,703"
19-04-2019,20-04-2019,Orchard Street Hotel,895,8.3/10,"1,179"
19-04-2019,20-04-2019,Fairfield Inn & Suites By Marriott New York Manhattan/Times Square,913,8.4/10,"4,237"
19-04-2019,20-04-2019,Washington Jefferson at Times Square,"1,326",7.7/10,"1,660"
19-04-2019,20-04-2019,Sheraton Tribeca New York Hotel,715,8.1/10,"2,517"
19-04-2019,20-04-2019,Holiday Inn New York City - Times Square,823,8.3/10,843
19-04-2019,20-04-2019,Millennium Hilton New York One UN Plaza,895,8.4/10,"3,979"
19-04-2019,20-04-2019,Club Quarters Hotel Wall Street,852,8.4/10,"1,970"
19-04-2019,20-04-2019,InterContinental New York Barclay Hotel,"1,434",8.7/10,"2,274"
19-04-2019,20-04-2019,Four Seasons Hotel New York Downtown,"2,318",9.3/10,291
19-04-2019,20-04-2019,Hotel Boutique at Grand Central,859,8.7/10,"2,102"
19-04-2019,20-04-2019,citizenM New York Times Square,"1,398",9.2/10,"5,199"
19-04-2019,20-04-2019,The Mansfield Hotel,"1,039",7.6/10,784
19-04-2019,20-04-2019,"The Paul Hotel NYC-Chelsea, an Ascend Hotel Collection Member",823,7.9/10,"1,372"
19-04-2019,20-04-2019,Westin New York at Times Square,"1,290",8.1/10,"1,272"
19-04-2019,20-04-2019,The Roxy Hotel Tribeca,931,8.9/10,"1,228"
19-04-2019,20-04-2019,Hilton Garden Inn Times Square,960,8.3/10,"1,919"
19-04-2019,20-04-2019,Kimpton Ink48 Hotel,882,8.7/10,644
19-04-2019,20-04-2019,The Assemblage John Street,"1,254",9.2/10,262
19-04-2019,20-04-2019,Cachet Boutique Hotel NYC,"1,193",7.8/10,"1,068"
19-04-2019,20-04-2019,The Gallivant Times Square,946,7.3/10,"5,770"
19-04-2019,20-04-2019,Carvi Hotel New York,679,8.5/10,"1,151"
19-04-2019,20-04-2019,Hilton Garden Inn Times Square Central,812,8.3/10,"1,230"
19-04-2019,20-04-2019,Hampton Inn Manhattan-Times Square North,898,8.3/10,"1,628"
19-04-2019,20-04-2019,The Mercer,"2,426",9.0/10,253
19-04-2019,20-04-2019,Hotel 32 32,791,8.1/10,"1,035"
19-04-2019,20-04-2019,The Roosevelt Hotel,802,7.1/10,"1,103"
19-04-2019,20-04-2019,Best Western Bowery Hanbee Hotel,931,8.2/10,"1,055"
19-04-2019,20-04-2019,Solita Soho Hotel,931,7.8/10,668
19-04-2019,20-04-2019,The Quin Central Park by Hilton Club,"1,578",8.8/10,"1,526"
19-04-2019,20-04-2019,La Quinta by Wyndham New York City Central Park,751,7.6/10,"3,404"
19-04-2019,20-04-2019,The NoMad Hotel,"1,193",9.0/10,655
19-04-2019,20-04-2019,Ameritania at Times Square,852,8.3/10,"2,721"
19-04-2019,20-04-2019,Staybridge Suites - Times Square - New York City,823,8.1/10,"3,161"
19-04-2019,20-04-2019,Hotel on Rivington,822,8.5/10,763
19-04-2019,20-04-2019,Sofitel New York,"1,003",8.6/10,"1,245"
19-04-2019,20-04-2019,The Evelyn,"1,003",8.9/10,266
19-04-2019,20-04-2019,The Frederick Hotel,931,8.4/10,"1,520"
19-04-2019,20-04-2019,The New York EDITION,"1,527",8.9/10,641
19-04-2019,20-04-2019,InterContinental New York Times Square,"1,078",8.0/10,"2,886"
19-04-2019,20-04-2019,TRYP by Wyndham Times Square South,"1,075",8.1/10,"2,733"
19-04-2019,20-04-2019,Chambers Hotel,901,8.7/10,986
19-04-2019,20-04-2019,Dream Downtown,791,7.7/10,"1,514"
19-04-2019,20-04-2019,11 Howard,902,8.3/10,685
19-04-2019,20-04-2019,Walker Hotel Greenwich Village,"1,024",8.4/10,802
19-04-2019,20-04-2019,Ace Hotel New York,716,8.4/10,"1,556"
19-04-2019,20-04-2019,DoubleTree by Hilton Metropolitan New York City,"1,003",7.7/10,"3,522"
19-04-2019,20-04-2019,Lombardy Hotel,"1,542",8.6/10,"1,033"
19-04-2019,20-04-2019,The Peninsula New York,"3,576",8.8/10,289
19-04-2019,20-04-2019,"The Bernic Hotel New York City,Tapestry Collection by Hilton","1,003",8.6/10,"1,687"
19-04-2019,20-04-2019,Hotel Indigo Lower East Side,967,8.6/10,"1,172"
19-04-2019,20-04-2019,"The Beekman, a Thompson Hotel","1,254",9.2/10,"2,477"
19-04-2019,20-04-2019,Lord & Moris - Times Square Hotel,787,7.8/10,686
19-04-2019,20-04-2019,Hilton Garden Inn Central Park South,"1,111",8.3/10,"3,737"
19-04-2019,20-04-2019,Hotel Belleclaire,"1,090",7.9/10,"3,222"
19-04-2019,20-04-2019,Hotel Hugo,787,8.1/10,"1,070"
19-04-2019,20-04-2019,The Kitano Hotel New York,"1,566",8.7/10,825
19-04-2019,20-04-2019,Hotel Hayden New York,890,8.2/10,"1,207"
19-04-2019,20-04-2019,Courtyard by Marriott New York Downtown Manhattan/World Trade Center Area,895,8.5/10,"2,012"
19-04-2019,20-04-2019,"The Langham, New York, Fifth Avenue","1,858",9.2/10,"1,103"
19-04-2019,20-04-2019,Courtyard New York Manhattan/Times Square,"1,075",8.4/10,"1,280"
19-04-2019,20-04-2019,Kimpton Hotel Eventi,"1,057",8.7/10,696
19-04-2019,20-04-2019,The Roger,805,8.3/10,"1,107"
19-04-2019,20-04-2019,Hilton New York Fashion District,852,8.2/10,"1,322"
19-04-2019,20-04-2019,EVEN Hotel New York - Midtown East 44th,"1,096",8.6/10,"1,719"
19-04-2019,20-04-2019,Room Mate Grace Boutique Hotel,"1,218",8.7/10,"1,926"
19-04-2019,20-04-2019,Moderne Hotel,773,8.4/10,977
19-04-2019,20-04-2019,Hampton Inn Manhattan Chelsea,859,8.6/10,829
19-04-2019,20-04-2019,LUMA Hotel - Times Square,"1,653",9.2/10,"3,207"
19-04-2019,20-04-2019,"The Pierre, A Taj Hotel, New York","2,390",8.9/10,405
19-04-2019,20-04-2019,SIXTY SoHo,"1,024",8.7/10,897
19-04-2019,20-04-2019,Club Quarters Hotel World Trade Center,883,8.6/10,"1,300"
19-04-2019,20-04-2019,Freehand New York,967,8.8/10,"1,112"
19-04-2019,20-04-2019,Hyatt Centric Times Square New York,"1,164",8.7/10,"4,262"
19-04-2019,20-04-2019,Hampton Inn Times Square Central,895,8.9/10,"2,245"
19-04-2019,20-04-2019,Park Terrace Hotel on Bryant Park,"1,348",9.0/10,83
19-04-2019,20-04-2019,Holiday Inn Express - Times Square,809,7.8/10,"2,199"
19-04-2019,20-04-2019,Pod Times Square,643,8.6/10,"10,743"
19-04-2019,20-04-2019,Fairfield Inn & Suites by Marriott New York Manhattan/Chelsea,823,8.3/10,993
19-04-2019,20-04-2019,The Time New York,967,8.2/10,"1,960"
19-04-2019,20-04-2019,Gramercy Park Hotel,"1,294",8.4/10,330
19-04-2019,20-04-2019,Mondrian Park Avenue,"1,024",8.4/10,516
19-04-2019,20-04-2019,The Iroquois New York,"1,254",8.9/10,610
19-04-2019,20-04-2019,Mr C Seaport,"1,060",8.8/10,89
19-04-2019,20-04-2019,Moxy NYC Chelsea,895,8.9/10,57
19-04-2019,20-04-2019,SoHo Garden Hotel,931,7.8/10,"1,860"
19-04-2019,20-04-2019,Holiday Inn Wall Street,715,8.1/10,498
19-04-2019,20-04-2019,Sanctuary Hotel New York,"1,145",8.4/10,"1,176"
19-04-2019,20-04-2019,Parker New York,"1,147",7.8/10,580
19-04-2019,20-04-2019,3 West Club,931,8.3/10,399
19-04-2019,20-04-2019,Hilton Garden Inn New York Manhattan Midtown East,"1,032",8.5/10,943
19-04-2019,20-04-2019,Viceroy Central Park New York,967,7.8/10,978
19-04-2019,20-04-2019,Hotel 31,823,8.1/10,"2,457"
19-04-2019,20-04-2019,NoMo SoHo,844,8.2/10,"1,849"
19-04-2019,20-04-2019,Hotel Metro,985,8.4/10,786
19-04-2019,20-04-2019,"The Ritz-Carlton New York, Central Park","3,217",8.8/10,121
19-04-2019,20-04-2019,Hotel Elysee by Library Hotel Collection,"1,226",9.1/10,549
19-04-2019,20-04-2019,Hotel Wolcott,934,8.0/10,"1,370"
19-04-2019,20-04-2019,Holiday Inn Express - Wall Street,751,8.1/10,718
19-04-2019,20-04-2019,"The Algonquin Hotel Times Square, Autograph Collection","1,075",8.7/10,132
19-04-2019,20-04-2019,The Whitby Hotel,"2,498",9.5/10,289
19-04-2019,20-04-2019,Hampton Inn Seaport Financial District,700,8.2/10,404
19-04-2019,20-04-2019,The Franklin Hotel,"1,006",7.0/10,773
19-04-2019,20-04-2019,The Maritime Hotel,"1,146",8.9/10,604
19-04-2019,20-04-2019,Wyndham Garden Chinatown,796,8.1/10,373
19-04-2019,20-04-2019,"6 Columbus, Central Park a Sixty Hotel","1,118",7.7/10,330
19-04-2019,20-04-2019,Lex Hotel NYC,823,8.7/10,281
19-04-2019,20-04-2019,"The Renwick Hotel New York City, Curio Collection by Hilton","1,075",8.6/10,520
19-04-2019,20-04-2019,The William,"1,531",8.8/10,608
19-04-2019,20-04-2019,The Tuscany - A St Giles Signature Hotel,936,8.8/10,494
19-04-2019,20-04-2019,Hudson River Hotel,733,7.1/10,"1,487"
19-04-2019,20-04-2019,Sister City New York,860,8.7/10,11
19-04-2019,20-04-2019,Fitzpatrick Grand Central,712,9.0/10,607
19-04-2019,20-04-2019,Courtyard by Marriott New York Manhattan / Soho,"1,075",8.7/10,154
19-04-2019,20-04-2019,Econo Lodge Times Square,931,7.3/10,671
19-04-2019,20-04-2019,Row NYC at Times Square,931,7.2/10,"11,391"
19-04-2019,20-04-2019,New York Marriott East Side,"1,793",7.7/10,229
19-04-2019,20-04-2019,"Nyma, The New York Manhattan Hotel",823,7.5/10,"2,532"
19-04-2019,20-04-2019,Redford Hotel,831,6.8/10,350
19-04-2019,20-04-2019,Hilton Club New York,"1,700",8.6/10,22
19-04-2019,20-04-2019,Travel Inn - Midtown Manhattan,755,7.8/10,"1,567"
19-04-2019,20-04-2019,Colonial House Inn,642,8.3/10,435
19-04-2019,20-04-2019,Belnord Hotel,"1,132",8.0/10,"3,847"
19-04-2019,20-04-2019,138 Bowery,761,6.7/10,13
19-04-2019,20-04-2019,The Manhattan at Times Square,825,6.8/10,"6,402"
19-04-2019,20-04-2019,Sonder — Wall Street,999,8.4/10,11
19-04-2019,20-04-2019,Gild Hall - A Thompson Hotel,895,9.0/10,794
19-04-2019,20-04-2019,The Wall Street Inn,773,8.7/10,547
19-04-2019,20-04-2019,The Benjamin,"1,123",8.1/10,636
19-04-2019,20-04-2019,Hotel Giraffe by Library Hotel Collection,"1,420",9.4/10,428
19-04-2019,20-04-2019,"Staypineapple, an Artful Hotel New York","1,111",9.2/10,30
19-04-2019,20-04-2019,AKA Tribeca,"1,100",8.6/10,399
19-04-2019,20-04-2019,Lowell Hotel,"2,372",9.2/10,30
19-04-2019,20-04-2019,The Surrey,"2,426",8.5/10,211
19-04-2019,20-04-2019,WestHouse Hotel New York,880,8.1/10,572
19-04-2019,20-04-2019,Library Hotel by Library Hotel Collection,"1,517",9.3/10,437
19-04-2019,20-04-2019,Incentra Village Hotel,"1,249",8.0/10,152
19-04-2019,20-04-2019,HI NYC Hostel,269,8.4/10,"11,958"
19-04-2019,20-04-2019,The Bowery House,748,6.5/10,"2,480"
20-04-2019,21-04-2019,Hotel Pennsylvania,666,5.5/10,"40,669"
20-04-2019,21-04-2019,Trump International New York,"1,718",8.9/10,886
20-04-2019,21-04-2019,"The Langham, New York, Fifth Avenue","1,826",9.2/10,"1,103"
20-04-2019,21-04-2019,The Peninsula New York,"2,678",8.8/10,287
20-04-2019,21-04-2019,1 Hotel Central Park,"1,507",8.9/10,"1,272"
20-04-2019,21-04-2019,Baccarat Hotel and Residences New York,"3,936",9.3/10,279
20-04-2019,21-04-2019,SIXTY SoHo,"1,168",8.7/10,895
20-04-2019,21-04-2019,Mandarin Oriental New York,"3,936",8.7/10,200
20-04-2019,21-04-2019,Loews Regency New York Hotel,"1,650",8.8/10,474
20-04-2019,21-04-2019,LUMA Hotel - Times Square,"1,671",9.2/10,"3,210"
20-04-2019,21-04-2019,The Mark New York,"2,857",9.0/10,264
20-04-2019,21-04-2019,Hotel Beacon,"1,751",8.8/10,"2,661"
20-04-2019,21-04-2019,The Whitby Hotel,"2,498",9.5/10,291
20-04-2019,21-04-2019,Hyatt Centric Times Square New York,949,8.7/10,"4,265"
20-04-2019,21-04-2019,The Plaza,"3,037",8.5/10,520
20-04-2019,21-04-2019,The Knickerbocker,"1,136",8.8/10,"1,697"
20-04-2019,21-04-2019,Sofitel New York,931,8.6/10,"1,245"
20-04-2019,21-04-2019,Gansevoort Meatpacking,809,8.3/10,"1,673"
20-04-2019,21-04-2019,"The Pierre, A Taj Hotel, New York","2,138",8.9/10,404
20-04-2019,21-04-2019,The Surrey,"2,498",8.5/10,209
20-04-2019,21-04-2019,The Mercer,"2,498",9.0/10,252
20-04-2019,21-04-2019,Soho Grand Hotel,802,8.5/10,"1,608"
20-04-2019,21-04-2019,MADE Hotel,"1,240",9.0/10,"1,887"
20-04-2019,21-04-2019,Gramercy Park Hotel,"1,294",8.4/10,330
20-04-2019,21-04-2019,Millennium Times Square New York,888,7.7/10,"3,605"
20-04-2019,21-04-2019,Best Western Plus Hospitality House Suites,"1,617",8.6/10,662
20-04-2019,21-04-2019,The Gallivant Times Square,677,7.3/10,"5,759"
20-04-2019,21-04-2019,Walker Hotel Greenwich Village,809,8.4/10,799
20-04-2019,21-04-2019,The Roxy Hotel Tribeca,"1,182",8.9/10,"1,225"
20-04-2019,21-04-2019,The James New York - SoHo,942,8.1/10,381
20-04-2019,21-04-2019,Crosby Street Hotel,"2,714",9.4/10,202
20-04-2019,21-04-2019,Bryant Park Hotel,"1,060",9.1/10,935
20-04-2019,21-04-2019,The Quin Central Park by Hilton Club,"1,398",8.8/10,"1,523"
20-04-2019,21-04-2019,The Bowery Hotel,"1,204",9.1/10,605
20-04-2019,21-04-2019,The Kitano Hotel New York,"1,226",8.7/10,822
20-04-2019,21-04-2019,Park Lane Hotel - A Central Park Hotel,719,7.6/10,"5,518"
20-04-2019,21-04-2019,The Time New York,823,8.2/10,"1,958"
20-04-2019,21-04-2019,Hotel Hugo,"1,111",8.1/10,"1,070"
20-04-2019,21-04-2019,Executive Hotel Le Soleil New York,787,8.5/10,"2,631"
20-04-2019,21-04-2019,Cassa Hotel Times Square,"1,105",7.9/10,"3,804"
20-04-2019,21-04-2019,Residence Inn by Marriott New York Manhattan/Central Park,"1,362",8.3/10,"1,895"
20-04-2019,21-04-2019,Dream Downtown,768,7.7/10,"1,503"
20-04-2019,21-04-2019,Library Hotel by Library Hotel Collection,"1,517",9.3/10,433
20-04-2019,21-04-2019,Freehand New York,"1,039",8.8/10,"1,114"
20-04-2019,21-04-2019,Four Seasons Hotel New York Downtown,"2,318",9.3/10,290
20-04-2019,21-04-2019,citizenM New York Times Square,"1,542",9.2/10,"5,208"
20-04-2019,21-04-2019,The Dominick Hotel,"1,312",8.6/10,"1,269"
20-04-2019,21-04-2019,11 Howard,902,8.3/10,686
20-04-2019,21-04-2019,RIU Plaza New York Times Square,"1,089",8.7/10,"5,357"
20-04-2019,21-04-2019,Hyatt Place New York/Midtown-South,931,8.6/10,"3,638"
20-04-2019,21-04-2019,Club Quarters Hotel World Trade Center,730,8.6/10,"1,296"
20-04-2019,21-04-2019,Residence Inn by Marriott New York Downtown Manhattan/World Trade Center Area,852,8.7/10,981
20-04-2019,21-04-2019,"LIFE Hotel, NoMad","1,003",8.1/10,"1,700"
20-04-2019,21-04-2019,The Marcel at Gramercy,823,8.3/10,"2,177"
20-04-2019,21-04-2019,Hampton Inn Manhattan Grand Central,895,8.7/10,"2,353"
20-04-2019,21-04-2019,The Allen Hotel,809,8.5/10,948
20-04-2019,21-04-2019,The Standard - East Village,"1,060",8.8/10,810
20-04-2019,21-04-2019,"The New Yorker, A Wyndham Hotel",607,7.9/10,"8,218"
20-04-2019,21-04-2019,Nolitan Hotel SoHo - New York,"1,076",8.6/10,804
20-04-2019,21-04-2019,Aloft Manhattan Downtown - Financial District,859,8.4/10,"1,266"
20-04-2019,21-04-2019,Hilton Garden Inn New York/Midtown Park Avenue,845,8.5/10,"1,707"
20-04-2019,21-04-2019,Wellington Hotel,974,7.8/10,"6,696"
20-04-2019,21-04-2019,Hampton Inn Manhattan-35th Street/Empire State Building,859,8.6/10,"1,464"
20-04-2019,21-04-2019,Arlo SoHo,717,8.6/10,"3,709"
20-04-2019,21-04-2019,Westin New York at Times Square,"1,398",8.1/10,"1,267"
20-04-2019,21-04-2019,Flatiron Hotel,751,7.2/10,580
20-04-2019,21-04-2019,The Manhattan Club,773,8.5/10,946
20-04-2019,21-04-2019,Novotel New York Times Square,"1,075",8.4/10,"3,055"
20-04-2019,21-04-2019,MOXY NYC Times Square,787,8.5/10,"5,562"
20-04-2019,21-04-2019,Seton Hotel,934,8.4/10,"1,504"
20-04-2019,21-04-2019,Arlo NoMad,753,8.7/10,"3,080"
20-04-2019,21-04-2019,citizenM New York Bowery,773,9.3/10,835
20-04-2019,21-04-2019,Sixty LES,899,8.2/10,977
20-04-2019,21-04-2019,Heritage Hotel New York City,730,7.2/10,"3,082"
20-04-2019,21-04-2019,The Gatsby Hotel,"1,075",7.8/10,310
20-04-2019,21-04-2019,Fairfield Inn & Suites by Marriott New York Manhattan/Fifth Avenue,859,8.4/10,"1,305"
20-04-2019,21-04-2019,Best Western Premier Herald Square,755,8.6/10,"1,265"
20-04-2019,21-04-2019,Pod 39,863,8.2/10,"6,992"
20-04-2019,21-04-2019,Hilton Garden Inn New York Times Square South,881,8.7/10,"1,924"
20-04-2019,21-04-2019,Hampton Inn Manhattan - Times Square South,733,8.4/10,"1,450"
20-04-2019,21-04-2019,SoHo 54,547,8.0/10,584
20-04-2019,21-04-2019,Empire Hotel,745,7.6/10,"3,727"
20-04-2019,21-04-2019,Club Quarters Hotel Midtown - Times Square,823,8.3/10,"1,333"
20-04-2019,21-04-2019,Sheraton Tribeca New York Hotel,"1,164",8.1/10,"2,510"
20-04-2019,21-04-2019,Homewood Suites Midtown Manhattan Times Square South,812,8.9/10,"2,003"
20-04-2019,21-04-2019,Bentley Hotel,859,7.9/10,"1,861"
20-04-2019,21-04-2019,"The Standard, High Line New York","1,492",8.3/10,"3,019"
20-04-2019,21-04-2019,Concorde Hotel New York,888,9.0/10,823
20-04-2019,21-04-2019,"The Beekman, a Thompson Hotel","1,254",9.2/10,"2,480"
20-04-2019,21-04-2019,Hotel Boutique at Grand Central,895,8.7/10,"2,094"
20-04-2019,21-04-2019,Staybridge Suites - Times Square - New York City,787,8.1/10,"3,157"
20-04-2019,21-04-2019,"The Paul Hotel NYC-Chelsea, an Ascend Hotel Collection Member",823,7.9/10,"1,373"
20-04-2019,21-04-2019,The Roosevelt Hotel,701,7.1/10,"1,117"
20-04-2019,21-04-2019,The Mansfield Hotel,715,7.6/10,785
20-04-2019,21-04-2019,Candlewood Suites NYC -Times Square,715,8.1/10,"2,420"
20-04-2019,21-04-2019,Dylan Hotel NYC,934,8.0/10,"1,319"
20-04-2019,21-04-2019,Arthouse Hotel,"1,258",8.3/10,"1,020"
20-04-2019,21-04-2019,Embassy Suites By Hilton New York Midtown Manhattan,895,8.3/10,525
20-04-2019,21-04-2019,Grand Hyatt New York,643,7.7/10,"4,763"
20-04-2019,21-04-2019,Hotel Belleclaire,551,7.9/10,"3,211"
20-04-2019,21-04-2019,Kimpton Hotel Eventi,852,8.7/10,697
20-04-2019,21-04-2019,The Hotel at Times Square,931,7.9/10,"7,803"
20-04-2019,21-04-2019,Cambria Hotel New York - Times Square,715,8.7/10,"3,881"
20-04-2019,21-04-2019,"The Ritz-Carlton New York, Central Park","3,037",8.8/10,121
20-04-2019,21-04-2019,Crowne Plaza Times Square,"1,024",8.2/10,"7,164"
20-04-2019,21-04-2019,Best Western Bowery Hanbee Hotel,886,8.2/10,"1,058"
20-04-2019,21-04-2019,W New York - Times Square,782,7.9/10,"1,746"
20-04-2019,21-04-2019,The Broome,"1,398",9.1/10,262
20-04-2019,21-04-2019,Parker New York,975,7.8/10,575
20-04-2019,21-04-2019,NoMo SoHo,782,8.2/10,"1,835"
20-04-2019,21-04-2019,Cambria Hotel New York - Chelsea,823,8.8/10,"1,430"
20-04-2019,21-04-2019,Times Square EDITION,"1,326",9.7/10,6
20-04-2019,21-04-2019,NobleDEN Hotel,874,9.1/10,942
20-04-2019,21-04-2019,Hotel Indigo Lower East Side,967,8.6/10,"1,172"
20-04-2019,21-04-2019,Sheraton New York Times Square Hotel,"1,182",7.6/10,"1,908"
20-04-2019,21-04-2019,WeLive Wall Street,"1,674",9.1/10,15
20-04-2019,21-04-2019,Hilton Garden Inn Central Park South,751,8.3/10,"3,735"
20-04-2019,21-04-2019,Hotel Lucerne,611,8.5/10,"2,137"
20-04-2019,21-04-2019,Washington Jefferson at Times Square,895,7.7/10,"1,655"
20-04-2019,21-04-2019,Off SoHo Suites Hotel,"1,434",7.9/10,494
20-04-2019,21-04-2019,The Redbury New York,931,8.1/10,"3,056"
20-04-2019,21-04-2019,TRYP by Wyndham Times Square South,"1,182",8.1/10,"2,735"
20-04-2019,21-04-2019,"Night Hotel Theater District, Times Square","1,434",8.0/10,570
20-04-2019,21-04-2019,The High Line Hotel,"1,341",8.4/10,222
20-04-2019,21-04-2019,The Marlton Hotel,"1,348",8.6/10,"1,339"
20-04-2019,21-04-2019,Hotel Hayden New York,841,8.2/10,"1,209"
20-04-2019,21-04-2019,Renaissance New York Midtown Hotel,751,8.9/10,938
20-04-2019,21-04-2019,Aliz Hotel Times Square,791,8.6/10,"1,205"
20-04-2019,21-04-2019,Moxy NYC Chelsea,931,8.9/10,61
20-04-2019,21-04-2019,The Benjamin,"1,021",8.1/10,631
20-04-2019,21-04-2019,Mondrian Park Avenue,"1,078",8.4/10,516
20-04-2019,21-04-2019,Iberostar 70 Park Avenue,895,8.3/10,"1,661"
20-04-2019,21-04-2019,Carnegie Hotel,967,8.9/10,"1,522"
20-04-2019,21-04-2019,Hotel Wales,"1,188",8.1/10,924
20-04-2019,21-04-2019,Hotel Americano,773,8.0/10,241
20-04-2019,21-04-2019,Hotel 48LEX New York,"1,129",8.4/10,887
20-04-2019,21-04-2019,Lord & Moris - Times Square Hotel,715,7.8/10,688
20-04-2019,21-04-2019,The NoMad Hotel,"1,078",9.0/10,655
20-04-2019,21-04-2019,Courtyard New York Manhattan/Midtown East,"1,254",8.3/10,661
20-04-2019,21-04-2019,Residence Inn by Marriott New York Manhattan/ Midtown Eastside,"1,003",8.9/10,612
20-04-2019,21-04-2019,The Frederick Hotel,859,8.4/10,"1,519"
20-04-2019,21-04-2019,Courtyard by Marriott New York Downtown Manhattan/World Trade Center Area,823,8.5/10,"2,013"
20-04-2019,21-04-2019,The Roger,643,8.3/10,"1,099"
20-04-2019,21-04-2019,Courtyard New York Manhattan/Times Square,895,8.4/10,"1,279"
20-04-2019,21-04-2019,"Hotel Henri New York, A Wyndham Hotel",547,7.9/10,509
20-04-2019,21-04-2019,The Kimpton Muse Hotel,"1,182",8.8/10,711
20-04-2019,21-04-2019,Hampton Inn Manhattan Chelsea,"1,326",8.6/10,826
20-04-2019,21-04-2019,Room Mate Grace Boutique Hotel,"1,240",8.7/10,"1,923"
20-04-2019,21-04-2019,Chambers Hotel,748,8.7/10,981
20-04-2019,21-04-2019,Hampton Inn Times Square Central,823,8.9/10,"2,245"
20-04-2019,21-04-2019,Kimpton Ink48 Hotel,999,8.7/10,643
20-04-2019,21-04-2019,Hyatt Union Square New York,"1,218",8.7/10,504
20-04-2019,21-04-2019,Holiday Inn Express - Times Square,773,7.8/10,"2,196"
20-04-2019,21-04-2019,Pod Times Square,679,8.6/10,"10,772"
20-04-2019,21-04-2019,Hilton New York Fashion District,761,8.2/10,"1,315"
20-04-2019,21-04-2019,The Iroquois New York,931,8.9/10,608
20-04-2019,21-04-2019,Crowne Plaza HY36 Midtown Manhattan,931,8.7/10,676
20-04-2019,21-04-2019,Sohotel,"1,039",8.4/10,"1,937"
20-04-2019,21-04-2019,Mr C Seaport,"1,060",8.8/10,89
20-04-2019,21-04-2019,Hotel on Rivington,906,8.5/10,762
20-04-2019,21-04-2019,West Side YMCA,683,7.3/10,"6,260"
20-04-2019,21-04-2019,Travel Inn - Midtown Manhattan,719,7.8/10,"1,568"
20-04-2019,21-04-2019,Comfort Inn Times Square West,697,8.1/10,633
20-04-2019,21-04-2019,Chelsea Inn,778,7.8/10,"1,122"
20-04-2019,21-04-2019,Hudson River Hotel,697,7.1/10,"1,488"
20-04-2019,21-04-2019,Pod 51,715,7.9/10,"7,589"
20-04-2019,21-04-2019,Row NYC at Times Square,715,7.2/10,"11,349"
20-04-2019,21-04-2019,Broadway Hotel & Hostel,737,7.0/10,"3,310"
20-04-2019,21-04-2019,InterContinental New York Barclay Hotel,"1,506",8.7/10,"2,268"
20-04-2019,21-04-2019,Hotel Metro,931,8.4/10,781
20-04-2019,21-04-2019,Hotel Elysee by Library Hotel Collection,"1,452",9.1/10,550
20-04-2019,21-04-2019,Hotel Wolcott,934,8.0/10,"1,368"
20-04-2019,21-04-2019,TownePlace Suites by Marriott New York Manhattan/Times Square,"1,236",8.8/10,87
20-04-2019,21-04-2019,Hotel Mulberry,"1,111",8.7/10,660
20-04-2019,21-04-2019,New York Marriott Marquis,"1,650",8.2/10,"2,307"
20-04-2019,21-04-2019,Manhattan Broadway Hotel,679,6.6/10,"1,144"
20-04-2019,21-04-2019,The Jane,"1,168",8.1/10,"3,284"
20-04-2019,21-04-2019,Michelangelo Hotel,"1,258",8.8/10,666
20-04-2019,21-04-2019,"The Algonquin Hotel Times Square, Autograph Collection","1,326",8.7/10,133
20-04-2019,21-04-2019,Solita Soho Hotel,751,7.8/10,666
20-04-2019,21-04-2019,Hampton Inn Seaport Financial District,708,8.2/10,402
20-04-2019,21-04-2019,Amsterdam Court Hotel,831,7.3/10,"2,137"
20-04-2019,21-04-2019,The Franklin Hotel,"1,049",7.0/10,773
20-04-2019,21-04-2019,Four Points by Sheraton Manhattan SoHo Village,859,8.1/10,"1,194"
20-04-2019,21-04-2019,Courtyard New York Manhattan/Upper East Side,"1,075",8.1/10,812
20-04-2019,21-04-2019,The Maritime Hotel,"1,146",8.9/10,603
20-04-2019,21-04-2019,Wyndham Garden Chinatown,796,8.1/10,370
20-04-2019,21-04-2019,"6 Columbus, Central Park a Sixty Hotel","1,003",7.7/10,331
20-04-2019,21-04-2019,Holiday Inn New York City - Times Square,773,8.3/10,843
20-04-2019,21-04-2019,Lex Hotel NYC,715,8.7/10,282
20-04-2019,21-04-2019,Four Points by Sheraton Midtown - Times Square,755,8.4/10,"3,009"
20-04-2019,21-04-2019,Broadway at Times Square Hotel,"1,093",8.4/10,"3,078"
20-04-2019,21-04-2019,"Hotel Shocard, New York",715,8.3/10,"1,707"
20-04-2019,21-04-2019,Hilton Garden Inn New York/Manhattan-Chelsea,"1,308",8.3/10,701
20-04-2019,21-04-2019,Courtyard by Marriott Times Square West,751,8.7/10,"2,033"
20-04-2019,21-04-2019,Merrion Row Hotel and Public House,"1,042",9.2/10,111
20-04-2019,21-04-2019,SpringHill Suites by Marriott New York Midtown Manhattan/Fifth Avenue,895,8.5/10,542
20-04-2019,21-04-2019,Westgate New York Grand Central,803,7.6/10,"1,607"
20-04-2019,21-04-2019,Econo Lodge Times Square,859,7.3/10,668
20-04-2019,21-04-2019,DoubleTree by Hilton New York Times Square South,856,7.4/10,"1,287"
20-04-2019,21-04-2019,Aloft Harlem,"1,111",8.4/10,791
20-04-2019,21-04-2019,New York Marriott East Side,"1,793",7.7/10,228
20-04-2019,21-04-2019,DoubleTree by Hilton - Chelsea,882,7.8/10,"1,265"
20-04-2019,21-04-2019,Hotel 91,863,7.5/10,"1,575"
20-04-2019,21-04-2019,Hilton Garden Inn New York Manhattan Midtown East,715,8.5/10,945
20-04-2019,21-04-2019,Hilton Times Square,"1,003",8.4/10,"1,857"
20-04-2019,21-04-2019,Holiday Inn Express New York City Chelsea,895,8.2/10,"2,335"
20-04-2019,21-04-2019,"Nyma, The New York Manhattan Hotel",715,7.5/10,"2,520"
20-04-2019,21-04-2019,SoHo Garden Hotel,859,7.8/10,"1,860"
20-04-2019,21-04-2019,Hilton Garden Inn New York/Tribeca,718,8.3/10,665
20-04-2019,21-04-2019,The Westin New York Grand Central,895,8.0/10,"1,077"
20-04-2019,21-04-2019,Colonial House Inn,833,8.3/10,433
20-04-2019,21-04-2019,The Manhattan at Times Square,718,6.8/10,"6,385"
20-04-2019,21-04-2019,Hilton Club New York,"1,477",8.6/10,22
20-04-2019,21-04-2019,Gild Hall - A Thompson Hotel,"1,111",9.0/10,795
20-04-2019,21-04-2019,Sonder — Wall Street,"1,168",8.4/10,11
20-04-2019,21-04-2019,Holiday Inn Manhattan 6th Ave - Chelsea,715,7.5/10,"1,649"
20-04-2019,21-04-2019,The Wall Street Inn,708,8.6/10,547
20-04-2019,21-04-2019,138 Bowery,975,6.6/10,14
20-04-2019,21-04-2019,Maison le Grange,593,9.0/10,77
20-04-2019,21-04-2019,Madison LES Hotel,899,7.8/10,246
20-04-2019,21-04-2019,The Tuscany - A St Giles Signature Hotel,936,8.8/10,493
20-04-2019,21-04-2019,WestHouse Hotel New York,776,8.1/10,572
20-04-2019,21-04-2019,AC Hotel by Marriott New York Times Square,967,8.9/10,153
20-04-2019,21-04-2019,San Carlos Hotel New York,930,9.0/10,772
20-04-2019,21-04-2019,3 West Club,"1,075",8.3/10,399
20-04-2019,21-04-2019,Lowell Hotel,"2,185",9.2/10,30
20-04-2019,21-04-2019,The Pearl Hotel,805,8.9/10,"1,335"
20-04-2019,21-04-2019,The William,"1,297",8.8/10,609
20-04-2019,21-04-2019,Incentra Village Hotel,938,8.0/10,152
20-04-2019,21-04-2019,HI NYC Hostel,244,8.4/10,"11,952"
20-04-2019,21-04-2019,Vanderbilt YMCA,586,7.3/10,"5,603"
20-04-2019,21-04-2019,The Bowery House,748,6.5/10,"2,473"
21-04-2019,22-04-2019,Hotel Pennsylvania,313,5.6/10,"40,669"
21-04-2019,22-04-2019,Sister City New York,802,8.8/10,12
21-04-2019,22-04-2019,The Roosevelt Hotel,464,7.1/10,"1,131"
21-04-2019,22-04-2019,The Mansfield Hotel,356,7.6/10,782
21-04-2019,22-04-2019,Courtyard by Marriott New York Manhattan/Herald Square,571,8.6/10,690
21-04-2019,22-04-2019,Millennium Hilton New York One UN Plaza,679,8.4/10,"3,964"
21-04-2019,22-04-2019,Artezen Hotel,356,9.5/10,18
21-04-2019,22-04-2019,citizenM New York Bowery,500,9.3/10,837
21-04-2019,22-04-2019,Concorde Hotel New York,745,9.0/10,826
21-04-2019,22-04-2019,"Staypineapple, an Artful Hotel New York",500,9.2/10,31
21-04-2019,22-04-2019,AC Hotel by Marriott New York Downtown,589,8.9/10,283
21-04-2019,22-04-2019,Four Points by Sheraton Manhattan Midtown West,"1,164",8.4/10,"1,192"
21-04-2019,22-04-2019,Hilton Garden Inn Central Park South,464,8.3/10,"3,731"
21-04-2019,22-04-2019,Courtyard by Marriott New York Manhattan/Chelsea,571,8.5/10,886
21-04-2019,22-04-2019,Fitzpatrick Grand Central,496,9.0/10,603
21-04-2019,22-04-2019,The Manhattan at Times Square,306,6.8/10,"6,379"
21-04-2019,22-04-2019,The Maxwell New York City,536,7.9/10,"1,194"
21-04-2019,22-04-2019,Crowne Plaza Times Square,377,8.2/10,"7,162"
21-04-2019,22-04-2019,DoubleTree by Hilton Metropolitan New York City,571,7.7/10,"3,509"
21-04-2019,22-04-2019,"Nyma, The New York Manhattan Hotel",356,7.5/10,"2,516"
21-04-2019,22-04-2019,"Hudson New York, Central Park",536,7.1/10,"11,524"
21-04-2019,22-04-2019,Hotel Mela Times Square,356,7.9/10,"1,242"
21-04-2019,22-04-2019,"Night Hotel Theater District, Times Square",679,8.0/10,574
21-04-2019,22-04-2019,Moxy NYC Downtown,428,8.9/10,310
21-04-2019,22-04-2019,Ace Hotel New York,515,8.4/10,"1,555"
21-04-2019,22-04-2019,Washington Square Hotel,919,8.7/10,"1,493"
21-04-2019,22-04-2019,Arthouse Hotel,611,8.3/10,"1,018"
21-04-2019,22-04-2019,Millennium Premier New York Times Square,665,8.2/10,726
21-04-2019,22-04-2019,Dream Midtown,687,8.1/10,"1,919"
21-04-2019,22-04-2019,Holiday Inn Manhattan Financial District,377,8.2/10,"2,411"
21-04-2019,22-04-2019,Embassy Suites By Hilton New York Midtown Manhattan,464,8.3/10,528
21-04-2019,22-04-2019,Residence Inn by Marriott New York Manhattan/Central Park,643,8.3/10,"1,895"
21-04-2019,22-04-2019,Hotel 48LEX New York,611,8.4/10,889
21-04-2019,22-04-2019,Courtyard by Marriott New York Manhattan / Soho,607,8.7/10,152
21-04-2019,22-04-2019,Hotel Beacon,"1,362",8.8/10,"2,659"
21-04-2019,22-04-2019,"Park South, a Joie de Vivre Hotel",643,8.7/10,911
21-04-2019,22-04-2019,Avalon Hotel,714,8.4/10,"1,291"
21-04-2019,22-04-2019,The James New York - NoMad,661,8.6/10,565
21-04-2019,22-04-2019,Aliz Hotel Times Square,417,8.6/10,"1,212"
21-04-2019,22-04-2019,Pod Times Square,320,8.6/10,"10,794"
21-04-2019,22-04-2019,Riverside Tower Hotel,536,7.2/10,"2,320"
21-04-2019,22-04-2019,Travel Inn - Midtown Manhattan,374,7.8/10,"1,571"
21-04-2019,22-04-2019,Days Hotel by Wyndham on Broadway NYC,321,6.6/10,"5,072"
21-04-2019,22-04-2019,Moxy NYC Chelsea,536,8.9/10,65
21-04-2019,22-04-2019,The GEM Hotel - Chelsea,464,7.7/10,"1,733"
21-04-2019,22-04-2019,Fairfield Inn & Suites by Marriott New York Manhattan/Central Park,464,8.5/10,614
21-04-2019,22-04-2019,Hampton Inn Manhattan/Downtown- Financial District,428,8.3/10,772
21-04-2019,22-04-2019,Blakely New York Hotel,665,8.5/10,"2,522"
21-04-2019,22-04-2019,The Watson Hotel,304,7.8/10,"12,283"
21-04-2019,22-04-2019,Fairfield Inn & Suites by Marriott New York Midtown Manhattan/Penn Station,446,8.5/10,902
21-04-2019,22-04-2019,The Dominick Hotel,"1,060",8.6/10,"1,267"
21-04-2019,22-04-2019,Hotel Giraffe by Library Hotel Collection,"1,161",9.4/10,429
21-04-2019,22-04-2019,11 Howard,643,8.3/10,682
21-04-2019,22-04-2019,Casablanca Hotel by Library Hotel Collection,773,9.4/10,510
21-04-2019,22-04-2019,Citadines Connect Fifth Avenue New York,708,8.4/10,"1,384"
21-04-2019,22-04-2019,Viceroy Central Park New York,931,7.8/10,971
21-04-2019,22-04-2019,RIU Plaza New York Times Square,543,8.7/10,"5,337"
21-04-2019,22-04-2019,Hyatt Place New York/Midtown-South,464,8.6/10,"3,636"
21-04-2019,22-04-2019,Chambers Hotel,719,8.7/10,980
21-04-2019,22-04-2019,The London NYC,"1,506",8.1/10,"1,127"
21-04-2019,22-04-2019,Gardens Suites Hotel by Affinia,"1,294",8.5/10,418
21-04-2019,22-04-2019,The NoMad Hotel,992,9.0/10,655
21-04-2019,22-04-2019,Hotel 50 Bowery,543,9.1/10,"2,385"
21-04-2019,22-04-2019,New York Marriott Marquis,895,8.2/10,"2,296"
21-04-2019,22-04-2019,Best Western Premier Herald Square,377,8.6/10,"1,268"
21-04-2019,22-04-2019,The Assemblage John Street,823,9.2/10,265
21-04-2019,22-04-2019,The Greenwich Hotel,"2,336",9.5/10,129
21-04-2019,22-04-2019,The New York EDITION,"1,527",8.9/10,640
21-04-2019,22-04-2019,The Sherry Netherland,"1,650",9.3/10,186
21-04-2019,22-04-2019,"The Standard, High Line New York",593,8.3/10,"3,019"
21-04-2019,22-04-2019,The Ludlow Hotel,"1,366",9.1/10,"1,562"
21-04-2019,22-04-2019,Room Mate Grace Boutique Hotel,665,8.7/10,"1,923"
21-04-2019,22-04-2019,Michelangelo Hotel,863,8.8/10,665
21-04-2019,22-04-2019,The Iroquois New York,643,8.9/10,608
21-04-2019,22-04-2019,Novotel New York Times Square,643,8.4/10,"3,053"
21-04-2019,22-04-2019,Park Terrace Hotel on Bryant Park,737,9.0/10,84
21-04-2019,22-04-2019,Royalton Park Avenue,532,8.6/10,"1,003"
21-04-2019,22-04-2019,"Club Quarters Hotel, Grand Central",500,8.8/10,"1,310"
21-04-2019,22-04-2019,AKA Tribeca,751,8.6/10,399
21-04-2019,22-04-2019,"Club Quarters Hotel, Opposite Rockefeller Center",500,8.1/10,"2,030"
21-04-2019,22-04-2019,Broadway Suite New York,431,7.6/10,371
21-04-2019,22-04-2019,The Evelyn,571,8.9/10,276
21-04-2019,22-04-2019,Shoreham Hotel,679,7.6/10,"1,464"
21-04-2019,22-04-2019,Element Times Square West,931,7.9/10,"8,800"
21-04-2019,22-04-2019,Hotel on Rivington,627,8.5/10,764
21-04-2019,22-04-2019,The Pearl Hotel,611,8.9/10,"1,332"
21-04-2019,22-04-2019,Refinery Hotel - New York,823,8.8/10,511
21-04-2019,22-04-2019,Andaz 5th Avenue-a concept by Hyatt,"1,110",8.7/10,543
21-04-2019,22-04-2019,The Jewel Facing Rockefeller Center,607,8.7/10,"1,223"
21-04-2019,22-04-2019,Hotel Boutique at Grand Central,464,8.7/10,"2,087"
21-04-2019,22-04-2019,HGU New York,500,8.6/10,"1,627"
21-04-2019,22-04-2019,The Marmara Manhattan,"1,211",8.5/10,245
21-04-2019,22-04-2019,Hotel Elysee by Library Hotel Collection,805,9.1/10,550
21-04-2019,22-04-2019,Park Central,333,7.9/10,"4,692"
21-04-2019,22-04-2019,The Standard - East Village,593,8.8/10,810
21-04-2019,22-04-2019,City Club Hotel,464,8.3/10,"1,126"
21-04-2019,22-04-2019,Hyatt Union Square New York,679,8.7/10,503
21-04-2019,22-04-2019,Pod 39,449,8.2/10,"6,975"
21-04-2019,22-04-2019,SoHo 54,313,8.0/10,589
21-04-2019,22-04-2019,Leon Hotel,374,8.3/10,"1,493"
21-04-2019,22-04-2019,Flatiron Hotel,464,7.2/10,580
21-04-2019,22-04-2019,Hyatt Centric Times Square New York,715,8.7/10,"4,263"
21-04-2019,22-04-2019,W New York - Times Square,782,7.9/10,"1,743"
21-04-2019,22-04-2019,Empire Hotel,457,7.6/10,"3,725"
21-04-2019,22-04-2019,Orchard Street Hotel,464,8.3/10,"1,181"
21-04-2019,22-04-2019,Hotel Wales,577,8.1/10,924
21-04-2019,22-04-2019,The Manhattan Club,572,8.5/10,947
21-04-2019,22-04-2019,Holiday Inn Manhattan 6th Ave - Chelsea,679,7.5/10,"1,644"
21-04-2019,22-04-2019,Sheraton Tribeca New York Hotel,841,8.1/10,"2,512"
21-04-2019,22-04-2019,"The Lexington Hotel, Autograph Collection",633,8.1/10,"2,253"
21-04-2019,22-04-2019,TRYP by Wyndham Times Square South,415,8.1/10,"2,737"
21-04-2019,22-04-2019,The Gatsby Hotel,500,7.8/10,312
21-04-2019,22-04-2019,Gansevoort Meatpacking,582,8.3/10,"1,674"
21-04-2019,22-04-2019,Hotel Belleclaire,364,7.9/10,"3,213"
21-04-2019,22-04-2019,"The Paul Hotel NYC-Chelsea, an Ascend Hotel Collection Member",356,7.9/10,"1,366"
21-04-2019,22-04-2019,Iberostar 70 Park Avenue,823,8.3/10,"1,662"
21-04-2019,22-04-2019,Candlewood Suites NYC -Times Square,392,8.1/10,"2,425"
21-04-2019,22-04-2019,InterContinental New York Times Square,719,8.0/10,"2,880"
21-04-2019,22-04-2019,The Peninsula New York,"2,965",8.8/10,288
21-04-2019,22-04-2019,Fairfield Inn & Suites By Marriott New York Manhattan/Times Square,392,8.4/10,"4,223"
21-04-2019,22-04-2019,Cachet Boutique Hotel NYC,489,7.8/10,"1,064"
21-04-2019,22-04-2019,Hilton Garden Inn Times Square Central,428,8.3/10,"1,222"
21-04-2019,22-04-2019,Carvi Hotel New York,428,8.5/10,"1,149"
21-04-2019,22-04-2019,Four Points by Sheraton New York Downtown,392,8.0/10,"3,428"
21-04-2019,22-04-2019,Hilton Garden Inn New York Manhattan Midtown East,327,8.5/10,943
21-04-2019,22-04-2019,Dream Downtown,598,7.7/10,"1,504"
21-04-2019,22-04-2019,Hampton Inn Manhattan-Times Square North,392,8.3/10,"1,625"
21-04-2019,22-04-2019,AKA Times Square,809,8.7/10,759
21-04-2019,22-04-2019,The Allen Hotel,359,8.5/10,950
21-04-2019,22-04-2019,"The Langham, New York, Fifth Avenue","1,438",9.2/10,"1,103"
21-04-2019,22-04-2019,Sixty LES,467,8.2/10,977
21-04-2019,22-04-2019,Conrad New York,"1,290",9.1/10,925
21-04-2019,22-04-2019,Solita Soho Hotel,392,7.8/10,667
21-04-2019,22-04-2019,Trump International New York,"1,444",8.9/10,886
21-04-2019,22-04-2019,"The Pierre, A Taj Hotel, New York","2,138",8.9/10,404
21-04-2019,22-04-2019,Sohotel,428,8.4/10,"1,935"
21-04-2019,22-04-2019,The Time New York,607,8.2/10,"1,959"
21-04-2019,22-04-2019,Ameritania at Times Square,486,8.3/10,"2,729"
21-04-2019,22-04-2019,La Quinta by Wyndham New York City Central Park,392,7.6/10,"3,398"
21-04-2019,22-04-2019,Hilton Garden Inn New York/Midtown Park Avenue,359,8.5/10,"1,697"
21-04-2019,22-04-2019,Four Points by Sheraton Midtown - Times Square,377,8.4/10,"3,009"
21-04-2019,22-04-2019,Holiday Inn New York City - Times Square,500,8.3/10,841
21-04-2019,22-04-2019,Cassa Hotel Times Square,611,7.9/10,"3,800"
21-04-2019,22-04-2019,The Roger,"1,000",8.3/10,"1,098"
21-04-2019,22-04-2019,Best Western Bowery Hanbee Hotel,348,8.2/10,"1,059"
21-04-2019,22-04-2019,Hampton Inn Manhattan Chelsea,392,8.6/10,825
21-04-2019,22-04-2019,SIXTY SoHo,593,8.7/10,896
21-04-2019,22-04-2019,The Kimpton Muse Hotel,643,8.8/10,712
21-04-2019,22-04-2019,Courtyard by Marriott New York Downtown Manhattan/World Trade Center Area,536,8.5/10,"2,012"
21-04-2019,22-04-2019,Executive Hotel Le Soleil New York,485,8.5/10,"2,622"
21-04-2019,22-04-2019,Walker Hotel Greenwich Village,701,8.4/10,798
21-04-2019,22-04-2019,Washington Jefferson at Times Square,536,7.7/10,"1,660"
21-04-2019,22-04-2019,SpringHill Suites by Marriott New York Midtown Manhattan/Fifth Avenue,536,8.5/10,541
21-04-2019,22-04-2019,Four Seasons Hotel New York Downtown,"2,318",9.3/10,289
21-04-2019,22-04-2019,Kimpton Ink48 Hotel,566,8.7/10,643
21-04-2019,22-04-2019,Lombardy Hotel,"1,542",8.6/10,"1,035"
21-04-2019,22-04-2019,TownePlace Suites by Marriott New York Manhattan/Times Square,356,8.8/10,87
21-04-2019,22-04-2019,Loews Regency New York Hotel,"1,434",8.8/10,474
21-04-2019,22-04-2019,Hotel Indigo Lower East Side,536,8.6/10,"1,171"
21-04-2019,22-04-2019,The Mercer,"1,711",9.0/10,252
21-04-2019,22-04-2019,Four Points by Sheraton Manhattan SoHo Village,392,8.1/10,"1,193"
21-04-2019,22-04-2019,The Frederick Hotel,571,8.4/10,"1,521"
21-04-2019,22-04-2019,Club Quarters Hotel World Trade Center,547,8.6/10,"1,295"
21-04-2019,22-04-2019,Residence Inn by Marriott New York Manhattan/ Midtown Eastside,536,8.9/10,611
21-04-2019,22-04-2019,Hotel Hayden New York,372,8.2/10,"1,206"
21-04-2019,22-04-2019,Hilton New York Fashion District,428,8.2/10,"1,319"
21-04-2019,22-04-2019,Hotel Hugo,553,8.1/10,"1,070"
21-04-2019,22-04-2019,LUMA Hotel - Times Square,611,9.2/10,"3,210"
21-04-2019,22-04-2019,Kimpton Hotel Eventi,600,8.7/10,696
21-04-2019,22-04-2019,Courtyard New York Manhattan/Times Square,464,8.4/10,"1,280"
21-04-2019,22-04-2019,Moderne Hotel,457,8.4/10,975
21-04-2019,22-04-2019,Hampton Inn Times Square Central,428,8.9/10,"2,237"
21-04-2019,22-04-2019,Courtyard New York Manhattan/Midtown East,500,8.3/10,661
21-04-2019,22-04-2019,"Hotel Henri New York, A Wyndham Hotel",353,7.9/10,510
21-04-2019,22-04-2019,Freehand New York,500,8.8/10,"1,117"
21-04-2019,22-04-2019,The Kitano Hotel New York,919,8.7/10,826
21-04-2019,22-04-2019,The Mark New York,"2,606",9.0/10,264
21-04-2019,22-04-2019,Holiday Inn Express - Times Square,392,7.8/10,"2,198"
21-04-2019,22-04-2019,Fairfield Inn & Suites by Marriott New York Manhattan/Chelsea,392,8.3/10,987
21-04-2019,22-04-2019,Q&A Residential Hotel,607,9.1/10,385
21-04-2019,22-04-2019,Dylan Hotel NYC,579,8.0/10,"1,318"
21-04-2019,22-04-2019,The Quin Central Park by Hilton Club,"1,182",8.8/10,"1,518"
21-04-2019,22-04-2019,Gramercy Park Hotel,"1,192",8.4/10,329
21-04-2019,22-04-2019,Four Points by Sheraton Manhattan Chelsea,392,8.2/10,"1,402"
21-04-2019,22-04-2019,EVEN Hotel New York Times Square South,388,9.0/10,987
21-04-2019,22-04-2019,Mr C Seaport,988,8.8/10,91
21-04-2019,22-04-2019,Crowne Plaza HY36 Midtown Manhattan,557,8.7/10,677
21-04-2019,22-04-2019,"The Bernic Hotel New York City,Tapestry Collection by Hilton",356,8.6/10,"1,686"
21-04-2019,22-04-2019,Mondrian Park Avenue,737,8.4/10,519
21-04-2019,22-04-2019,Vanderbilt YMCA,467,7.3/10,"5,605"
21-04-2019,22-04-2019,The Bowery House,356,6.5/10,"2,475"
21-04-2019,22-04-2019,West Side YMCA,377,7.3/10,"6,269"
21-04-2019,22-04-2019,Comfort Inn Times Square West,392,8.1/10,634
21-04-2019,22-04-2019,Chelsea Inn,299,7.8/10,"1,120"
21-04-2019,22-04-2019,The Ridge Hotel,458,8.1/10,"1,312"
21-04-2019,22-04-2019,Broadway Hotel & Hostel,510,7.0/10,"3,310"
21-04-2019,22-04-2019,Hudson River Hotel,306,7.1/10,"1,489"
21-04-2019,22-04-2019,Row NYC at Times Square,356,7.2/10,"11,325"
21-04-2019,22-04-2019,U.S. Pacific Hotel,265,6.4/10,"1,829"
21-04-2019,22-04-2019,Pod 51,500,7.9/10,"7,581"
21-04-2019,22-04-2019,Midtown West Hotel,396,6.9/10,"1,646"
21-04-2019,22-04-2019,Belnord Hotel,359,8.0/10,"3,847"
21-04-2019,22-04-2019,Mayfair New York Times Square,495,7.4/10,666
21-04-2019,22-04-2019,World Hotel,224,4.7/10,"2,881"
21-04-2019,22-04-2019,Park West Hotel,301,6.7/10,"1,170"
21-04-2019,22-04-2019,The Jane,485,8.1/10,"3,284"
21-04-2019,22-04-2019,Jazz on the Park Youth Hostel,458,6.6/10,"1,978"
21-04-2019,22-04-2019,Hotel St. James,343,8.1/10,851
21-04-2019,22-04-2019,Edge Hotel Washington Heights,607,8.6/10,342
21-04-2019,22-04-2019,Gramercy Park Apartments,679,7.1/10,90
21-04-2019,22-04-2019,Lowell Hotel,"2,185",9.2/10,30
21-04-2019,22-04-2019,Clarion Hotel Park Avenue,715,7.6/10,183
21-04-2019,22-04-2019,The Hotel @ New York City,482,7.7/10,"3,893"
21-04-2019,22-04-2019,Paramount Hotel Times Square,340,6.8/10,"4,647"
21-04-2019,22-04-2019,Doubletree By Hilton New York Times Square West,392,8.0/10,"4,436"
21-04-2019,22-04-2019,Redford Hotel,400,6.8/10,349
21-04-2019,22-04-2019,The Marmara Park Avenue,748,8.5/10,303
21-04-2019,22-04-2019,Hampton Inn Madison Square Garden,464,8.7/10,"1,208"
21-04-2019,22-04-2019,Fitzpatrick Manhattan,532,8.8/10,475
21-04-2019,22-04-2019,"Brand New 2BR 1BA, W/D, Heart Of Lower East side, 4 min walk to SOHO, MODERN!","1,290",8.2/10,5
21-04-2019,22-04-2019,Residence Inn by Marriott New York Downtown Manhattan/World Trade Center Area,528,8.7/10,976
21-04-2019,22-04-2019,Duane Street Hotel Tribeca,"2,441",8.6/10,320
21-04-2019,22-04-2019,"The Renwick Hotel New York City, Curio Collection by Hilton",823,8.6/10,521
21-04-2019,22-04-2019,Chelsea Pines Inn,787,8.3/10,"1,015"
21-04-2019,22-04-2019,The Gotham Hotel,413,8.1/10,515
21-04-2019,22-04-2019,"Hotel Shocard, New York",356,8.3/10,"1,709"
21-04-2019,22-04-2019,Wyndham Midtown 45,"1,075",8.0/10,144
21-04-2019,22-04-2019,The William,"1,042",8.8/10,608
21-04-2019,22-04-2019,"Distrikt Hotel New York City, Tapestry Collection by Hilton",356,8.3/10,"1,435"
21-04-2019,22-04-2019,The Tuscany - A St Giles Signature Hotel,372,8.8/10,492
21-04-2019,22-04-2019,Chelsea Savoy,845,7.8/10,259
21-04-2019,22-04-2019,The Franklin Hotel,945,7.0/10,775
21-04-2019,22-04-2019,Hotel Mimosa,590,8.5/10,890
21-04-2019,22-04-2019,3 West Club,805,8.3/10,398
21-04-2019,22-04-2019,AC Hotel by Marriott New York Times Square,500,8.9/10,153
21-04-2019,22-04-2019,Midtown Two Bedroom Apartment - Central Park,"1,434",6.5/10,20
21-04-2019,22-04-2019,Holiday Inn Express Manhattan Midtown West,410,7.7/10,325
21-04-2019,22-04-2019,The Nomad Suites,270,7.2/10,202
21-04-2019,22-04-2019,Tiffini,988,8.7/10,147
21-04-2019,22-04-2019,"The Chatwal, a Luxury Collection Hotel, New York City","2,857",8.9/10,107
21-04-2019,22-04-2019,Holiday Inn Lower East Side,607,8.4/10,238
21-04-2019,22-04-2019,Eurostars Wall Street,345,8.1/10,916
21-04-2019,22-04-2019,Hotel Americano,737,8.0/10,241
21-04-2019,22-04-2019,W New York - Downtown,860,8.0/10,385
21-04-2019,22-04-2019,Harlem Chateau,539,8.1/10,8
21-04-2019,22-04-2019,Merrion Row Hotel and Public House,575,9.3/10,114
21-04-2019,22-04-2019,The Central Park North,536,7.3/10,545
21-04-2019,22-04-2019,The Grand NYC Apartments,132,6.0/10,229
21-04-2019,22-04-2019,The Knickerbocker,848,8.8/10,"1,691"
21-04-2019,22-04-2019,Beautiful STUDIO Hells Kitchen | TIMES SQUARE,715,8.7/10,12
21-04-2019,22-04-2019,Off SoHo Suites Hotel,"1,075",7.9/10,493
21-04-2019,22-04-2019,NobleDEN Hotel,593,9.1/10,942
21-04-2019,22-04-2019,Hotel 91,417,7.5/10,"1,576"
21-04-2019,22-04-2019,Bryant Park Hotel,845,9.1/10,935
21-04-2019,22-04-2019,Hotel Mulberry,536,8.7/10,663
21-04-2019,22-04-2019,The Plaza,"2,929",8.5/10,519
21-04-2019,22-04-2019,The Bowery Hotel,"1,204",9.1/10,605
21-04-2019,22-04-2019,Shelburne Hotel & Suites by Affinia,675,8.1/10,608
21-04-2019,22-04-2019,Renaissance New York Midtown Hotel,715,8.9/10,929
21-04-2019,22-04-2019,The Gregory,547,7.9/10,"1,664"
21-04-2019,22-04-2019,Stewart Hotel,353,7.8/10,"4,088"
21-04-2019,22-04-2019,Omni Berkshire Place,686,8.6/10,361
21-04-2019,22-04-2019,138 Bowery,516,6.6/10,14
21-04-2019,22-04-2019,The Westin New York Grand Central,751,8.0/10,"1,076"
21-04-2019,22-04-2019,Roger Smith Hotel,577,8.4/10,537
21-04-2019,22-04-2019,The Suites at central NYC,431,8.3/10,49
21-04-2019,22-04-2019,The Wall Street Inn,400,8.6/10,547
21-04-2019,22-04-2019,The Whitby Hotel,"1,995",9.5/10,292
21-04-2019,22-04-2019,Sonder — Wall Street,816,8.1/10,12
21-04-2019,22-04-2019,The Broome,895,9.1/10,262
21-04-2019,22-04-2019,The French Quarters,791,9.2/10,"1,630"
21-04-2019,22-04-2019,The High Line Hotel,679,8.4/10,222
21-04-2019,22-04-2019,West 57th Street by Hilton Club,"1,589",8.6/10,12
21-04-2019,22-04-2019,Broadway Plaza Hotel,536,8.5/10,649
21-04-2019,22-04-2019,Hilton Club New York,"1,402",8.6/10,22
21-04-2019,22-04-2019,Maison le Grange,593,9.0/10,77
21-04-2019,22-04-2019,W New York - Union Square,"1,254",8.4/10,173
21-04-2019,22-04-2019,Times Square EDITION,"1,111",9.7/10,6
21-04-2019,22-04-2019,American Dream,536,8.5/10,19
21-04-2019,22-04-2019,AKA Wall Street,881,9.3/10,780
21-04-2019,22-04-2019,Colonial House Inn,529,8.3/10,431
21-04-2019,22-04-2019,AFFORDABLE LUXURY...Exclusive Living @ Its Best!,525,7.7/10,15
21-04-2019,22-04-2019,Incentra Village Hotel,574,8.0/10,152
21-04-2019,22-04-2019,Canal Loft Hostel & Hotel,464,7.7/10,716
21-04-2019,22-04-2019,Royal Park Hotel & Hostel,333,6.8/10,"1,485"
21-04-2019,22-04-2019,Blue Moon Boutique Hostel & Hotel,895,7.7/10,"1,588"
21-04-2019,22-04-2019,Sonder — The Nash,787,8.9/10,10
22-04-2019,23-04-2019,Hotel Pennsylvania,395,5.6/10,"40,665"
22-04-2019,23-04-2019,Trump International New York,"1,512",8.9/10,887
22-04-2019,23-04-2019,"The Langham, New York, Fifth Avenue","1,923",9.2/10,"1,103"
22-04-2019,23-04-2019,The Peninsula New York,"2,678",8.8/10,292
22-04-2019,23-04-2019,Baccarat Hotel and Residences New York,"3,576",9.3/10,279
22-04-2019,23-04-2019,1 Hotel Central Park,"1,829",8.9/10,"1,276"
22-04-2019,23-04-2019,SIXTY SoHo,"1,096",8.7/10,899
22-04-2019,23-04-2019,The Mark New York,"2,606",9.0/10,264
22-04-2019,23-04-2019,Mandarin Oriental New York,"3,576",8.7/10,201
22-04-2019,23-04-2019,Loews Regency New York Hotel,"1,793",8.8/10,474
22-04-2019,23-04-2019,LUMA Hotel - Times Square,737,9.2/10,"3,214"
22-04-2019,23-04-2019,AKA Wall Street,881,9.3/10,780
22-04-2019,23-04-2019,Hotel Beacon,"1,362",8.9/10,"2,659"
22-04-2019,23-04-2019,Lombardy Hotel,"1,614",8.6/10,"1,037"
22-04-2019,23-04-2019,The Whitby Hotel,"2,138",9.5/10,292
22-04-2019,23-04-2019,Hyatt Centric Times Square New York,859,8.7/10,"4,266"
22-04-2019,23-04-2019,Sofitel New York,"1,003",8.6/10,"1,241"
22-04-2019,23-04-2019,The Plaza,"2,857",8.5/10,519
22-04-2019,23-04-2019,The Knickerbocker,"1,132",8.8/10,"1,692"
22-04-2019,23-04-2019,Gansevoort Meatpacking,825,8.3/10,"1,674"
22-04-2019,23-04-2019,The Roxy Hotel Tribeca,751,8.9/10,"1,226"
22-04-2019,23-04-2019,The Mercer,"2,138",9.0/10,249
22-04-2019,23-04-2019,"The Pierre, A Taj Hotel, New York","2,138",8.9/10,406
22-04-2019,23-04-2019,MADE Hotel,988,9.0/10,"1,894"
22-04-2019,23-04-2019,Soho Grand Hotel,745,8.5/10,"1,609"
22-04-2019,23-04-2019,Gramercy Park Hotel,"1,294",8.4/10,328
22-04-2019,23-04-2019,Four Seasons Hotel New York Downtown,"2,318",9.3/10,290
22-04-2019,23-04-2019,Warwick New York,629,8.3/10,"4,158"
22-04-2019,23-04-2019,Millennium Times Square New York,607,7.7/10,"3,602"
22-04-2019,23-04-2019,Crosby Street Hotel,"2,498",9.4/10,203
22-04-2019,23-04-2019,Walker Hotel Greenwich Village,"1,096",8.4/10,796
22-04-2019,23-04-2019,The Surrey,"2,138",8.5/10,210
22-04-2019,23-04-2019,Best Western Plus Hospitality House Suites,855,8.6/10,666
22-04-2019,23-04-2019,The Gallivant Times Square,483,7.3/10,"5,754"
22-04-2019,23-04-2019,The James New York - SoHo,748,8.1/10,382
22-04-2019,23-04-2019,The Quin Central Park by Hilton Club,"1,218",8.8/10,"1,518"
22-04-2019,23-04-2019,Bryant Park Hotel,"1,096",9.1/10,934
22-04-2019,23-04-2019,The Bowery Hotel,"1,204",9.1/10,604
22-04-2019,23-04-2019,Park Lane Hotel - A Central Park Hotel,575,7.6/10,"5,511"
22-04-2019,23-04-2019,Blakely New York Hotel,665,8.5/10,"2,519"
22-04-2019,23-04-2019,The Time New York,715,8.2/10,"1,957"
22-04-2019,23-04-2019,The Kitano Hotel New York,"1,128",8.7/10,826
22-04-2019,23-04-2019,Executive Hotel Le Soleil New York,571,8.5/10,"2,625"
22-04-2019,23-04-2019,Cassa Hotel Times Square,771,7.9/10,"3,798"
22-04-2019,23-04-2019,citizenM New York Times Square,"1,039",9.2/10,"5,207"
22-04-2019,23-04-2019,Dream Downtown,683,7.7/10,"1,509"
22-04-2019,23-04-2019,Hotel Hugo,877,8.1/10,"1,070"
22-04-2019,23-04-2019,Q&A Residential Hotel,859,9.1/10,385
22-04-2019,23-04-2019,Freehand New York,715,8.8/10,"1,120"
22-04-2019,23-04-2019,The Dominick Hotel,"1,168",8.6/10,"1,268"
22-04-2019,23-04-2019,Citadines Connect Fifth Avenue New York,611,8.4/10,"1,395"
22-04-2019,23-04-2019,Chambers Hotel,719,8.7/10,980
22-04-2019,23-04-2019,Nolitan Hotel SoHo - New York,"1,110",8.6/10,804
22-04-2019,23-04-2019,Hyatt Place New York/Midtown-South,715,8.6/10,"3,638"
22-04-2019,23-04-2019,"Park South, a Joie de Vivre Hotel",931,8.7/10,910
22-04-2019,23-04-2019,Casablanca Hotel by Library Hotel Collection,"1,000",9.4/10,511
22-04-2019,23-04-2019,11 Howard,902,8.3/10,682
22-04-2019,23-04-2019,Hotel 50 Bowery,601,9.1/10,"2,392"
22-04-2019,23-04-2019,The Greenwich Hotel,"2,336",9.5/10,128
22-04-2019,23-04-2019,Viceroy Central Park New York,931,7.8/10,971
22-04-2019,23-04-2019,New York Marriott Marquis,"1,182",8.2/10,"2,291"
22-04-2019,23-04-2019,The London NYC,"1,581",8.1/10,"1,127"
22-04-2019,23-04-2019,The Assemblage John Street,931,9.2/10,266
22-04-2019,23-04-2019,The NoMad Hotel,992,9.0/10,655
22-04-2019,23-04-2019,The Sherry Netherland,"3,914",9.3/10,185
22-04-2019,23-04-2019,Novotel New York Times Square,751,8.4/10,"3,049"
22-04-2019,23-04-2019,Best Western Premier Herald Square,683,8.6/10,"1,268"
22-04-2019,23-04-2019,Gardens Suites Hotel by Affinia,"1,330",8.5/10,420
22-04-2019,23-04-2019,The Iroquois New York,715,8.9/10,607
22-04-2019,23-04-2019,Mondrian Park Avenue,988,8.4/10,520
22-04-2019,23-04-2019,"The Standard, High Line New York",845,8.3/10,"3,026"
22-04-2019,23-04-2019,Room Mate Grace Boutique Hotel,881,8.7/10,"1,928"
22-04-2019,23-04-2019,The Ludlow Hotel,"1,366",9.1/10,"1,563"
22-04-2019,23-04-2019,Park Terrace Hotel on Bryant Park,"1,060",9.0/10,86
22-04-2019,23-04-2019,Royalton Park Avenue,"1,049",8.6/10,999
22-04-2019,23-04-2019,Michelangelo Hotel,934,8.8/10,664
22-04-2019,23-04-2019,"Club Quarters Hotel, Grand Central",715,8.8/10,"1,308"
22-04-2019,23-04-2019,AKA Tribeca,"1,075",8.6/10,398
22-04-2019,23-04-2019,"Club Quarters Hotel, Opposite Rockefeller Center",643,8.1/10,"2,028"
22-04-2019,23-04-2019,RIU Plaza New York Times Square,611,8.7/10,"5,334"
22-04-2019,23-04-2019,The Evelyn,859,8.9/10,277
22-04-2019,23-04-2019,The Marmara Manhattan,"1,348",8.5/10,245
22-04-2019,23-04-2019,Hotel on Rivington,765,8.5/10,764
22-04-2019,23-04-2019,Shoreham Hotel,"1,147",7.6/10,"1,467"
22-04-2019,23-04-2019,Sanctuary Hotel New York,644,8.4/10,"1,167"
22-04-2019,23-04-2019,Hotel Elysee by Library Hotel Collection,838,9.1/10,550
22-04-2019,23-04-2019,Park Central,367,7.9/10,"4,693"
22-04-2019,23-04-2019,Element Times Square West,536,7.9/10,"8,804"
22-04-2019,23-04-2019,The Jewel Facing Rockefeller Center,715,8.7/10,"1,221"
22-04-2019,23-04-2019,Hotel Boutique at Grand Central,679,8.7/10,"2,087"
22-04-2019,23-04-2019,The Pearl Hotel,644,8.9/10,"1,328"
22-04-2019,23-04-2019,HGU New York,859,8.6/10,"1,627"
22-04-2019,23-04-2019,City Club Hotel,464,8.3/10,"1,125"
22-04-2019,23-04-2019,Stewart Hotel,417,7.8/10,"4,079"
22-04-2019,23-04-2019,Broadway Suite New York,528,7.6/10,374
22-04-2019,23-04-2019,Andaz 5th Avenue-a concept by Hyatt,"1,349",8.7/10,542
22-04-2019,23-04-2019,Millennium Premier New York Times Square,737,8.2/10,726
22-04-2019,23-04-2019,Sixty LES,"1,168",8.2/10,976
22-04-2019,23-04-2019,Refinery Hotel - New York,"1,147",8.8/10,509
22-04-2019,23-04-2019,Hyatt Union Square New York,931,8.7/10,505
22-04-2019,23-04-2019,Hotel 32 32,550,8.1/10,"1,026"
22-04-2019,23-04-2019,InterContinental New York Barclay Hotel,931,8.7/10,"2,273"
22-04-2019,23-04-2019,The Standard - East Village,773,8.8/10,811
22-04-2019,23-04-2019,Hyatt Herald Square New York,895,8.3/10,"1,668"
22-04-2019,23-04-2019,Hotel St. James,543,8.1/10,852
22-04-2019,23-04-2019,citizenM New York Bowery,658,9.3/10,842
22-04-2019,23-04-2019,Omni Berkshire Place,931,8.6/10,363
22-04-2019,23-04-2019,Ace Hotel New York,515,8.4/10,"1,558"
22-04-2019,23-04-2019,Holiday Inn Express - Times Square South,607,8.3/10,"2,399"
22-04-2019,23-04-2019,San Carlos Hotel New York,863,9.0/10,772
22-04-2019,23-04-2019,Kimpton Hotel Eventi,791,8.7/10,695
22-04-2019,23-04-2019,New York Hilton Midtown,719,7.9/10,"3,818"
22-04-2019,23-04-2019,Homewood Suites Midtown Manhattan Times Square South,500,8.9/10,"2,003"
22-04-2019,23-04-2019,Grand Hyatt New York,715,7.7/10,"4,773"
22-04-2019,23-04-2019,"The Beekman, a Thompson Hotel","1,254",9.2/10,"2,491"
22-04-2019,23-04-2019,Staybridge Suites - Times Square - New York City,500,8.1/10,"3,160"
22-04-2019,23-04-2019,InterContinental New York Times Square,"1,042",8.0/10,"2,884"
22-04-2019,23-04-2019,Concorde Hotel New York,860,9.0/10,835
22-04-2019,23-04-2019,Dylan Hotel NYC,837,8.0/10,"1,319"
22-04-2019,23-04-2019,The Hotel at Times Square,643,7.9/10,"7,811"
22-04-2019,23-04-2019,Arthouse Hotel,827,8.3/10,"1,018"
22-04-2019,23-04-2019,Empire Hotel,486,7.6/10,"3,728"
22-04-2019,23-04-2019,Cambria Hotel New York - Times Square,715,8.7/10,"3,875"
22-04-2019,23-04-2019,Embassy Suites By Hilton New York Midtown Manhattan,643,8.3/10,534
22-04-2019,23-04-2019,"The Ritz-Carlton New York, Central Park","3,109",8.8/10,121
22-04-2019,23-04-2019,Parker New York,822,7.8/10,575
22-04-2019,23-04-2019,Crowne Plaza Times Square,643,8.2/10,"7,167"
22-04-2019,23-04-2019,Cambria Hotel New York - Chelsea,787,8.8/10,"1,422"
22-04-2019,23-04-2019,Best Western Bowery Hanbee Hotel,625,8.2/10,"1,055"
22-04-2019,23-04-2019,NoMo SoHo,594,8.2/10,"1,837"
22-04-2019,23-04-2019,W New York - Times Square,850,7.9/10,"1,743"
22-04-2019,23-04-2019,Washington Jefferson at Times Square,643,7.7/10,"1,661"
22-04-2019,23-04-2019,Hilton Garden Inn Central Park South,751,8.3/10,"3,727"
22-04-2019,23-04-2019,Times Square EDITION,"1,254",9.7/10,6
22-04-2019,23-04-2019,"Night Hotel Theater District, Times Square",859,8.0/10,573
22-04-2019,23-04-2019,Hotel Indigo Lower East Side,643,8.6/10,"1,169"
22-04-2019,23-04-2019,Sheraton New York Times Square Hotel,931,7.6/10,"1,906"
22-04-2019,23-04-2019,Club Quarters Hotel Midtown - Times Square,607,8.3/10,"1,333"
22-04-2019,23-04-2019,The Redbury New York,823,8.1/10,"3,050"
22-04-2019,23-04-2019,"The New Yorker, A Wyndham Hotel",453,7.9/10,"8,225"
22-04-2019,23-04-2019,Hotel Lucerne,546,8.5/10,"2,138"
22-04-2019,23-04-2019,TRYP by Wyndham Times Square South,564,8.1/10,"2,734"
22-04-2019,23-04-2019,The Marlton Hotel,"1,132",8.6/10,"1,333"
22-04-2019,23-04-2019,Fairfield Inn & Suites By Marriott New York Manhattan/Times Square,643,8.4/10,"4,219"
22-04-2019,23-04-2019,Hotel Hayden New York,615,8.2/10,"1,206"
22-04-2019,23-04-2019,Carnegie Hotel,837,8.9/10,"1,515"
22-04-2019,23-04-2019,Heritage Hotel New York City,636,7.2/10,"3,077"
22-04-2019,23-04-2019,Club Quarters Hotel World Trade Center,547,8.6/10,"1,295"
22-04-2019,23-04-2019,Artezen Hotel,571,9.5/10,18
22-04-2019,23-04-2019,Hilton Garden Inn New York/Tribeca,779,8.3/10,663
22-04-2019,23-04-2019,"The Lexington Hotel, Autograph Collection",827,8.1/10,"2,245"
22-04-2019,23-04-2019,Studios Midtown Manhattan,392,8.6/10,374
22-04-2019,23-04-2019,Hampton Inn Manhattan Chelsea,607,8.6/10,827
22-04-2019,23-04-2019,Leon Hotel,403,8.3/10,"1,494"
22-04-2019,23-04-2019,East Village Hotel,931,8.1/10,866
22-04-2019,23-04-2019,Sheraton Tribeca New York Hotel,787,8.1/10,"2,517"
22-04-2019,23-04-2019,The Kimpton Muse Hotel,679,8.8/10,712
22-04-2019,23-04-2019,SpringHill Suites by Marriott New York Midtown Manhattan/Fifth Avenue,823,8.5/10,540
22-04-2019,23-04-2019,The Roger,838,8.3/10,"1,096"
22-04-2019,23-04-2019,TownePlace Suites by Marriott New York Manhattan/Times Square,715,8.8/10,89
22-04-2019,23-04-2019,The Mercer,"1,711",9.0/10,249
22-04-2019,23-04-2019,The Mansfield Hotel,553,7.6/10,780
22-04-2019,23-04-2019,Four Points by Sheraton Manhattan Midtown West,931,8.4/10,"1,193"
22-04-2019,23-04-2019,The Frederick Hotel,643,8.4/10,"1,521"
22-04-2019,23-04-2019,Courtyard New York Manhattan/Midtown East,895,8.3/10,662
22-04-2019,23-04-2019,Holiday Inn New York City - Times Square,428,8.3/10,843
22-04-2019,23-04-2019,Hampton Inn Times Square Central,571,8.9/10,"2,242"
22-04-2019,23-04-2019,Courtyard New York Manhattan/Times Square,859,8.4/10,"1,278"
22-04-2019,23-04-2019,Iberostar 70 Park Avenue,"1,147",8.3/10,"1,660"
22-04-2019,23-04-2019,Moderne Hotel,515,8.4/10,977
22-04-2019,23-04-2019,Hilton New York Fashion District,715,8.2/10,"1,318"
22-04-2019,23-04-2019,"Hotel Henri New York, A Wyndham Hotel",579,7.9/10,510
22-04-2019,23-04-2019,Fairfield Inn & Suites by Marriott New York Manhattan/Chelsea,643,8.3/10,984
22-04-2019,23-04-2019,Pod Times Square,464,8.6/10,"10,820"
22-04-2019,23-04-2019,Courtyard by Marriott New York Manhattan/Herald Square,859,8.6/10,692
22-04-2019,23-04-2019,EVEN Hotel New York Times Square South,679,9.0/10,987
22-04-2019,23-04-2019,Crowne Plaza HY36 Midtown Manhattan,881,8.7/10,677
22-04-2019,23-04-2019,Mr C Seaport,"1,186",8.8/10,91
22-04-2019,23-04-2019,Harlem YMCA,288,6.9/10,992
22-04-2019,23-04-2019,St Marks Hotel,490,7.1/10,995
22-04-2019,23-04-2019,Four Points by Sheraton Manhattan Chelsea,536,8.2/10,"1,402"
22-04-2019,23-04-2019,Bowery Grand Hotel,259,5.0/10,"2,177"
22-04-2019,23-04-2019,The Bowery House,356,6.5/10,"2,478"
22-04-2019,23-04-2019,Hampton Inn Manhattan/Downtown- Financial District,607,8.3/10,774
22-04-2019,23-04-2019,Travel Inn - Midtown Manhattan,374,7.8/10,"1,577"
22-04-2019,23-04-2019,Vanderbilt YMCA,521,7.3/10,"5,615"
22-04-2019,23-04-2019,West Side YMCA,377,7.3/10,"6,268"
22-04-2019,23-04-2019,Comfort Inn Times Square West,500,8.1/10,632
22-04-2019,23-04-2019,Chelsea Inn,364,7.8/10,"1,122"
22-04-2019,23-04-2019,Suite East Side - free street parking & wifi,503,9.6/10,10
22-04-2019,23-04-2019,The Ridge Hotel,617,8.1/10,"1,310"
22-04-2019,23-04-2019,Broadway Hotel & Hostel,510,7.0/10,"3,304"
22-04-2019,23-04-2019,Hudson River Hotel,446,7.1/10,"1,488"
22-04-2019,23-04-2019,Americana Inn,428,7.5/10,"1,122"
22-04-2019,23-04-2019,U.S. Pacific Hotel,265,6.4/10,"1,836"
22-04-2019,23-04-2019,Pod 51,557,7.9/10,"7,579"
22-04-2019,23-04-2019,Midtown West Hotel,526,6.9/10,"1,644"
22-04-2019,23-04-2019,Belnord Hotel,359,8.0/10,"3,851"
22-04-2019,23-04-2019,Park West Hotel,350,6.7/10,"1,172"
22-04-2019,23-04-2019,Jazz on the Park Youth Hostel,458,6.6/10,"1,984"
22-04-2019,23-04-2019,Midtown Convention Center Hotel NYC,604,6.5/10,"2,771"
22-04-2019,23-04-2019,The Jane,485,8.1/10,"3,283"
22-04-2019,23-04-2019,Row NYC at Times Square,428,7.2/10,"11,317"
22-04-2019,23-04-2019,Riverside Tower Hotel,464,7.2/10,"2,320"
22-04-2019,23-04-2019,Colonial House Inn,604,8.3/10,432
22-04-2019,23-04-2019,Edge Hotel Washington Heights,643,8.6/10,341
22-04-2019,23-04-2019,Hotel Mela Times Square,571,7.9/10,"1,241"
22-04-2019,23-04-2019,The Skyline Hotel New York,823,8.0/10,"1,246"
22-04-2019,23-04-2019,Mayfair New York Times Square,543,7.4/10,666
22-04-2019,23-04-2019,SoHo Garden Hotel,751,7.8/10,"1,858"
22-04-2019,23-04-2019,Hotel Marrakech on Broadway,341,6.8/10,"2,975"
22-04-2019,23-04-2019,Royal Park Hotel & Hostel,302,6.8/10,"1,487"
22-04-2019,23-04-2019,The Manhattan at Times Square,428,6.8/10,"6,372"
22-04-2019,23-04-2019,YOTEL New York Times Square,456,8.2/10,"4,375"
22-04-2019,23-04-2019,The GEM Hotel - Chelsea,751,7.7/10,"1,734"
22-04-2019,23-04-2019,Manhattan Broadway Hotel,392,6.6/10,"1,143"
22-04-2019,23-04-2019,Hotel Wolcott,719,8.0/10,"1,369"
22-04-2019,23-04-2019,Econo Lodge Times Square,536,7.3/10,669
22-04-2019,23-04-2019,Hotel 31,536,8.1/10,"2,461"
22-04-2019,23-04-2019,Tier31 by ABRIKIM,395,7.9/10,88
22-04-2019,23-04-2019,Manhattan Studio Apartments,523,7.6/10,174
22-04-2019,23-04-2019,Hotel Stanford NYC,425,8.0/10,"3,518"
22-04-2019,23-04-2019,Canal Loft Hostel & Hotel,392,7.7/10,718
22-04-2019,23-04-2019,Hotel Newton,359,7.9/10,"1,509"
22-04-2019,23-04-2019,Royalton New York,644,8.3/10,840
22-04-2019,23-04-2019,Washington Square Hotel,980,8.7/10,"1,494"
22-04-2019,23-04-2019,Windsor Hotel,431,6.2/10,897
22-04-2019,23-04-2019,The Park Ave North,230,7.8/10,515
22-04-2019,23-04-2019,"Nyma, The New York Manhattan Hotel",464,7.5/10,"2,509"
22-04-2019,23-04-2019,Lex Hotel NYC,715,8.7/10,283
22-04-2019,23-04-2019,The Wagner Hotel,989,8.9/10,572
22-04-2019,23-04-2019,American Dream,449,8.5/10,19
22-04-2019,23-04-2019,Millennium Hilton New York Downtown,895,8.3/10,"2,590"
22-04-2019,23-04-2019,The French Quarters,791,9.2/10,"1,631"
22-04-2019,23-04-2019,Serviced Concierge Elevator 1 BDR,"1,039",7.8/10,24
22-04-2019,23-04-2019,Duane Street Hotel Tribeca,547,8.6/10,320
22-04-2019,23-04-2019,Blue Moon Boutique Hostel & Hotel,895,7.7/10,"1,589"
22-04-2019,23-04-2019,Paramount Hotel Times Square,417,6.8/10,"4,647"
22-04-2019,23-04-2019,The Harlem Cascades,485,8.2/10,43
22-04-2019,23-04-2019,Madison LES Hotel,474,7.8/10,251
22-04-2019,23-04-2019,Chelsea Savoy,845,7.8/10,259
22-04-2019,23-04-2019,Chelsea Pines Inn,859,8.3/10,"1,014"
22-04-2019,23-04-2019,"The Renwick Hotel New York City, Curio Collection by Hilton","1,129",8.6/10,523
22-04-2019,23-04-2019,Roger Smith Hotel,850,8.4/10,537
22-04-2019,23-04-2019,Hotel 91,651,7.5/10,"1,577"
22-04-2019,23-04-2019,The Westin New York Grand Central,"1,182",8.0/10,"1,076"
22-04-2019,23-04-2019,The Maxwell New York City,715,7.9/10,"1,195"
22-04-2019,23-04-2019,Hotel Metro,841,8.4/10,775
22-04-2019,23-04-2019,Harlem Chateau,485,8.1/10,8
22-04-2019,23-04-2019,Merrion Row Hotel and Public House,755,9.3/10,114
22-04-2019,23-04-2019,W New York - Downtown,845,8.0/10,388
22-04-2019,23-04-2019,The Grand NYC Apartments,167,6.0/10,231
22-04-2019,23-04-2019,Holiday Inn Express - Wall Street,500,8.1/10,711
22-04-2019,23-04-2019,The Knickerbocker,"1,006",8.8/10,"1,692"
22-04-2019,23-04-2019,Hotel Americano,"1,060",8.0/10,241
22-04-2019,23-04-2019,Off SoHo Suites Hotel,"1,075",7.9/10,493
22-04-2019,23-04-2019,NobleDEN Hotel,593,9.1/10,946
22-04-2019,23-04-2019,Fitzpatrick Grand Central,568,9.0/10,604
22-04-2019,23-04-2019,The James New York - NoMad,988,8.6/10,566
22-04-2019,23-04-2019,Sister City New York,716,8.9/10,14
22-04-2019,23-04-2019,Dream Midtown,596,8.1/10,"1,920"
22-04-2019,23-04-2019,Shelburne Hotel & Suites by Affinia,486,8.1/10,608
22-04-2019,23-04-2019,Hello Broadway,571,6.5/10,99
22-04-2019,23-04-2019,Holiday Inn Wall Street,607,8.1/10,494
22-04-2019,23-04-2019,The Gregory,759,7.9/10,"1,666"
22-04-2019,23-04-2019,Avalon Hotel,768,8.4/10,"1,293"
22-04-2019,23-04-2019,The Franklin Hotel,948,7.0/10,775
22-04-2019,23-04-2019,138 Bowery,547,6.6/10,14
22-04-2019,23-04-2019,The International Cozy Inn,665,7.3/10,82
22-04-2019,23-04-2019,The Wall Street Inn,515,8.6/10,547
22-04-2019,23-04-2019,Fitzpatrick Manhattan,927,8.8/10,473
22-04-2019,23-04-2019,Wyndham Midtown 45,"1,326",8.0/10,144
22-04-2019,23-04-2019,Renaissance New York Times Square Hotel,"1,254",8.4/10,335
23-04-2019,24-04-2019,The Manhattan at Times Square,712,6.8/10,"6,362"
23-04-2019,24-04-2019,Hotel Pennsylvania,503,5.6/10,"40,687"
23-04-2019,24-04-2019,"Club Quarters Hotel, Opposite Rockefeller Center","1,147",8.1/10,"2,030"
23-04-2019,24-04-2019,Westgate New York Grand Central,"1,079",7.6/10,"1,612"
23-04-2019,24-04-2019,Amsterdam Court Hotel,888,7.3/10,"2,145"
23-04-2019,24-04-2019,DoubleTree by Hilton NYC - Financial District,"1,254",7.8/10,"3,150"
23-04-2019,24-04-2019,"Martinique New York on Broadway, Curio Collection by Hilton","1,111",8.2/10,"7,931"
23-04-2019,24-04-2019,Night Hotel Times Square,"1,075",7.5/10,"2,379"
23-04-2019,24-04-2019,Broadway at Times Square Hotel,967,8.4/10,"3,078"
23-04-2019,24-04-2019,DoubleTree by Hilton - Chelsea,"1,434",7.8/10,"1,270"
23-04-2019,24-04-2019,Hilton Garden Inn West 35th Street,960,8.6/10,"2,090"
23-04-2019,24-04-2019,Cambria Hotel New York - Times Square,"1,075",8.7/10,"3,874"
23-04-2019,24-04-2019,Heritage Hotel New York City,791,7.2/10,"3,080"
23-04-2019,24-04-2019,Crowne Plaza Times Square,737,8.2/10,"7,177"
23-04-2019,24-04-2019,Grand Hyatt New York,"1,290",7.7/10,"4,781"
23-04-2019,24-04-2019,The Watson Hotel,789,7.8/10,"12,282"
23-04-2019,24-04-2019,Radio City Apartments,902,8.6/10,"4,383"
23-04-2019,24-04-2019,Soho Grand Hotel,"1,434",8.5/10,"1,606"
23-04-2019,24-04-2019,DoubleTree by Hilton New York Times Square South,"1,260",7.4/10,"1,289"
23-04-2019,24-04-2019,Hilton Times Square,"1,003",8.4/10,"1,856"
23-04-2019,24-04-2019,Hyatt Place New York/Midtown-South,"1,434",8.6/10,"3,637"
23-04-2019,24-04-2019,Days Hotel by Wyndham on Broadway NYC,509,6.6/10,"5,054"
23-04-2019,24-04-2019,"Distrikt Hotel New York City, Tapestry Collection by Hilton","1,039",8.3/10,"1,442"
23-04-2019,24-04-2019,Holiday Inn Express New York City Chelsea,715,8.2/10,"2,323"
23-04-2019,24-04-2019,Hyatt Herald Square New York,"1,362",8.3/10,"1,666"
23-04-2019,24-04-2019,The Hotel @ Fifth Avenue,949,8.0/10,"6,977"
23-04-2019,24-04-2019,Millennium Times Square New York,967,7.7/10,"3,603"
23-04-2019,24-04-2019,The Jewel Facing Rockefeller Center,"1,111",8.7/10,"1,222"
23-04-2019,24-04-2019,The Hotel @ New York City,"1,093",7.7/10,"3,893"
23-04-2019,24-04-2019,Courtyard by Marriott Times Square West,"1,182",8.7/10,"2,022"
23-04-2019,24-04-2019,"Night Hotel Theater District, Times Square","1,182",8.0/10,574
23-04-2019,24-04-2019,Aloft Harlem,"1,200",8.4/10,783
23-04-2019,24-04-2019,"Club Quarters Hotel, Grand Central","1,218",8.8/10,"1,306"
23-04-2019,24-04-2019,Hampton Inn Madison Square Garden,"1,182",8.7/10,"1,209"
23-04-2019,24-04-2019,"The Standard, High Line New York","1,456",8.3/10,"3,033"
23-04-2019,24-04-2019,"Park South, a Joie de Vivre Hotel","1,326",8.7/10,911
23-04-2019,24-04-2019,Blakely New York Hotel,"1,024",8.5/10,"2,524"
23-04-2019,24-04-2019,Harlem Lofts,593,8.9/10,130
23-04-2019,24-04-2019,Wellington Hotel,618,7.8/10,"6,695"
23-04-2019,24-04-2019,Hotel Lucerne,926,8.5/10,"2,140"
23-04-2019,24-04-2019,"Hotel Shocard, New York",719,8.3/10,"1,710"
23-04-2019,24-04-2019,New York Hilton Midtown,"1,355",7.9/10,"3,812"
23-04-2019,24-04-2019,Ace Hotel New York,"2,117",8.4/10,"1,561"
23-04-2019,24-04-2019,The Hotel at Times Square,"1,039",7.9/10,"7,816"
23-04-2019,24-04-2019,Holiday Inn Express - Times Square,787,7.8/10,"2,198"
23-04-2019,24-04-2019,City Club Hotel,"1,111",8.3/10,"1,125"
23-04-2019,24-04-2019,Holiday Inn Express - Times Square South,"1,254",8.3/10,"2,400"
23-04-2019,24-04-2019,"Hudson New York, Central Park",737,7.1/10,"11,552"
23-04-2019,24-04-2019,Hotel Edison Times Square,860,7.6/10,"12,550"
23-04-2019,24-04-2019,The Marcel at Gramercy,967,8.3/10,"2,174"
23-04-2019,24-04-2019,Hotel Hugo,"1,416",8.1/10,"1,073"
23-04-2019,24-04-2019,Hotel 50 Bowery,"1,147",9.1/10,"2,398"
23-04-2019,24-04-2019,Park Terrace Hotel on Bryant Park,"1,348",9.0/10,87
23-04-2019,24-04-2019,The NoMad Hotel,"1,923",9.0/10,656
23-04-2019,24-04-2019,The Sherry Netherland,"3,914",9.3/10,184
23-04-2019,24-04-2019,Viceroy Central Park New York,"1,506",7.8/10,970
23-04-2019,24-04-2019,Novotel New York Times Square,"1,506",8.4/10,"3,047"
23-04-2019,24-04-2019,Q&A Residential Hotel,"1,524",9.1/10,384
23-04-2019,24-04-2019,Casablanca Hotel by Library Hotel Collection,"1,388",9.4/10,513
23-04-2019,24-04-2019,Mondrian Park Avenue,"1,510",8.4/10,521
23-04-2019,24-04-2019,The Greenwich Hotel,"2,336",9.5/10,128
23-04-2019,24-04-2019,The Iroquois New York,980,8.9/10,607
23-04-2019,24-04-2019,Best Western Premier Herald Square,"1,006",8.6/10,"1,267"
23-04-2019,24-04-2019,Gardens Suites Hotel by Affinia,"1,592",8.5/10,420
23-04-2019,24-04-2019,The Ludlow Hotel,"1,366",9.1/10,"1,565"
23-04-2019,24-04-2019,Times Square EDITION,"1,793",9.7/10,6
23-04-2019,24-04-2019,Room Mate Grace Boutique Hotel,"1,147",8.7/10,"1,931"
23-04-2019,24-04-2019,The Evelyn,"1,542",8.9/10,284
23-04-2019,24-04-2019,Michelangelo Hotel,"1,545",8.8/10,663
23-04-2019,24-04-2019,Shoreham Hotel,823,7.6/10,"1,473"
23-04-2019,24-04-2019,Parker New York,"1,066",7.8/10,577
23-04-2019,24-04-2019,AKA Tribeca,966,8.6/10,398
23-04-2019,24-04-2019,Hotel Boutique at Grand Central,967,8.7/10,"2,087"
23-04-2019,24-04-2019,Sanctuary Hotel New York,"1,650",8.4/10,"1,169"
23-04-2019,24-04-2019,Hotel Elysee by Library Hotel Collection,"1,355",9.1/10,551
23-04-2019,24-04-2019,Stewart Hotel,741,7.7/10,"4,076"
23-04-2019,24-04-2019,Hyatt House New York/Chelsea,"1,254",8.8/10,"2,410"
23-04-2019,24-04-2019,The Marmara Manhattan,"1,075",8.5/10,245
23-04-2019,24-04-2019,Park Central,672,7.9/10,"4,694"
23-04-2019,24-04-2019,The Pearl Hotel,906,8.9/10,"1,329"
23-04-2019,24-04-2019,Element Times Square West,"1,039",7.9/10,"8,812"
23-04-2019,24-04-2019,Refinery Hotel - New York,"1,398",8.8/10,509
23-04-2019,24-04-2019,Hotel Belleclaire,687,7.9/10,"3,221"
23-04-2019,24-04-2019,Sixty LES,"1,078",8.2/10,978
23-04-2019,24-04-2019,Andaz 5th Avenue-a concept by Hyatt,"1,622",8.7/10,541
23-04-2019,24-04-2019,Millennium Premier New York Times Square,"1,132",8.2/10,727
23-04-2019,24-04-2019,InterContinental New York Barclay Hotel,"1,865",8.7/10,"2,279"
23-04-2019,24-04-2019,"The Ritz-Carlton New York, Central Park","3,576",8.8/10,121
23-04-2019,24-04-2019,Hyatt Union Square New York,"1,434",8.7/10,504
23-04-2019,24-04-2019,citizenM New York Bowery,831,9.3/10,850
23-04-2019,24-04-2019,Omni Berkshire Place,"1,668",8.6/10,363
23-04-2019,24-04-2019,Hotel 32 32,"1,051",8.1/10,"1,025"
23-04-2019,24-04-2019,NobleDEN Hotel,"1,036",9.1/10,949
23-04-2019,24-04-2019,Gild Hall - A Thompson Hotel,"1,326",9.0/10,796
23-04-2019,24-04-2019,The Roxy Hotel Tribeca,"1,362",8.9/10,"1,226"
23-04-2019,24-04-2019,San Carlos Hotel New York,"1,429",9.0/10,773
23-04-2019,24-04-2019,Hilton Garden Inn NYC Financial Center/Manhattan Downtown,"1,161",8.8/10,"1,499"
23-04-2019,24-04-2019,Fairfield Inn by Marriott New York Manhattan/Financial District,"1,182",8.3/10,"2,885"
23-04-2019,24-04-2019,Fairfield Inn & Suites by Marriott New York Downtown Manhattan/World Trade Center Area,"1,362",8.8/10,"1,356"
23-04-2019,24-04-2019,InterContinental New York Times Square,"1,258",8.0/10,"2,890"
23-04-2019,24-04-2019,New York Marriott East Side,"2,225",7.7/10,228
23-04-2019,24-04-2019,Courtyard by Marriott New York Manhattan/ Fifth Avenue,"1,398",8.0/10,270
23-04-2019,24-04-2019,The Time New York,"1,039",8.2/10,"1,959"
23-04-2019,24-04-2019,Arlo NoMad,"1,937",8.7/10,"3,063"
23-04-2019,24-04-2019,Hyatt Centric Times Square New York,"1,434",8.7/10,"4,266"
23-04-2019,24-04-2019,The Manhattan Club,888,8.5/10,958
23-04-2019,24-04-2019,Kimpton Ink48 Hotel,"1,100",8.7/10,643
23-04-2019,24-04-2019,The Kitano Hotel New York,"1,356",8.7/10,828
23-04-2019,24-04-2019,Royalton New York,967,8.3/10,838
23-04-2019,24-04-2019,Chambers Hotel,"1,536",8.7/10,982
23-04-2019,24-04-2019,Fairfield Inn & Suites New York Manhattan/Downtown East,"1,560",8.3/10,770
23-04-2019,24-04-2019,Roger Smith Hotel,987,8.4/10,537
23-04-2019,24-04-2019,Lord & Moris - Times Square Hotel,679,7.8/10,709
23-04-2019,24-04-2019,Hotel Hayden New York,"1,051",8.2/10,"1,207"
23-04-2019,24-04-2019,Cassa Hotel Times Square,825,7.9/10,"3,795"
23-04-2019,24-04-2019,Cachet Boutique Hotel NYC,658,7.8/10,"1,065"
23-04-2019,24-04-2019,Sheraton Tribeca New York Hotel,"1,506",8.1/10,"2,521"
23-04-2019,24-04-2019,Staybridge Suites - Times Square - New York City,967,8.1/10,"3,168"
23-04-2019,24-04-2019,"Hotel Henri New York, A Wyndham Hotel","1,000",7.9/10,511
23-04-2019,24-04-2019,Empire Hotel,917,7.6/10,"3,727"
23-04-2019,24-04-2019,"LIFE Hotel, NoMad","1,182",8.1/10,"1,703"
23-04-2019,24-04-2019,Bentley Hotel,"1,003",7.9/10,"1,860"
23-04-2019,24-04-2019,Fifty Hotel & Suites by Affinia,"1,308",8.2/10,"1,178"
23-04-2019,24-04-2019,Econo Lodge Times Square,967,7.3/10,669
23-04-2019,24-04-2019,Walker Hotel Greenwich Village,"1,384",8.4/10,798
23-04-2019,24-04-2019,The Kimpton Muse Hotel,"1,254",8.8/10,714
23-04-2019,24-04-2019,Executive Hotel Le Soleil New York,"1,254",8.5/10,"2,627"
23-04-2019,24-04-2019,Four Seasons Hotel New York Downtown,"2,803",9.3/10,289
23-04-2019,24-04-2019,Gansevoort Meatpacking,"1,375",8.3/10,"1,675"
23-04-2019,24-04-2019,SpringHill Suites by Marriott New York Midtown Manhattan/Fifth Avenue,"1,290",8.5/10,539
23-04-2019,24-04-2019,The London NYC,"1,941",8.1/10,"1,122"
23-04-2019,24-04-2019,Holiday Inn Manhattan 6th Ave - Chelsea,859,7.5/10,"1,646"
23-04-2019,24-04-2019,TownePlace Suites by Marriott New York Manhattan/Times Square,931,8.8/10,89
23-04-2019,24-04-2019,Lombardy Hotel,"1,614",8.6/10,"1,038"
23-04-2019,24-04-2019,Hilton Garden Inn New York Manhattan Midtown East,"1,075",8.5/10,943
23-04-2019,24-04-2019,"The Lexington Hotel, Autograph Collection","1,294",8.1/10,"2,238"
23-04-2019,24-04-2019,LUMA Hotel - Times Square,"1,096",9.2/10,"3,216"
23-04-2019,24-04-2019,The Mansfield Hotel,895,7.6/10,786
23-04-2019,24-04-2019,SIXTY SoHo,"1,294",8.7/10,903
23-04-2019,24-04-2019,Hampton Inn Times Square Central,"1,218",8.9/10,"2,240"
23-04-2019,24-04-2019,The Mercer,"2,138",9.0/10,249
23-04-2019,24-04-2019,The Assemblage John Street,"1,686",9.2/10,266
23-04-2019,24-04-2019,Courtyard New York Manhattan/Times Square,"1,290",8.4/10,"1,280"
23-04-2019,24-04-2019,The Peninsula New York,"3,864",8.8/10,295
23-04-2019,24-04-2019,Kimpton Hotel Eventi,"1,502",8.7/10,695
23-04-2019,24-04-2019,Loews Regency New York Hotel,"2,476",8.8/10,475
23-04-2019,24-04-2019,Courtyard New York Manhattan/Midtown East,"1,254",8.3/10,663
23-04-2019,24-04-2019,The Iroquois New York,"1,362",8.9/10,607
23-04-2019,24-04-2019,Embassy Suites By Hilton New York Midtown Manhattan,"1,330",8.3/10,538
23-04-2019,24-04-2019,Freehand New York,"1,182",8.8/10,"1,123"
23-04-2019,24-04-2019,Hilton New York Fashion District,"1,258",8.2/10,"1,320"
23-04-2019,24-04-2019,Fairfield Inn & Suites by Marriott New York Manhattan/Chelsea,"1,039",8.3/10,986
23-04-2019,24-04-2019,The Mark New York,"2,606",9.0/10,264
23-04-2019,24-04-2019,Four Points by Sheraton Manhattan Chelsea,"1,326",8.2/10,"1,406"
23-04-2019,24-04-2019,11 Howard,"1,226",8.3/10,685
23-04-2019,24-04-2019,Pod Times Square,643,8.6/10,"10,853"
23-04-2019,24-04-2019,Courtyard by Marriott New York Manhattan/Herald Square,"1,362",8.6/10,693
23-04-2019,24-04-2019,Gramercy Park Hotel,"1,806",8.4/10,330
23-04-2019,24-04-2019,The Frederick Hotel,"1,434",8.4/10,"1,522"
23-04-2019,24-04-2019,"The Bernic Hotel New York City,Tapestry Collection by Hilton","1,003",8.6/10,"1,684"
23-04-2019,24-04-2019,Crowne Plaza HY36 Midtown Manhattan,"1,218",8.7/10,678
23-04-2019,24-04-2019,Harlem YMCA,288,6.9/10,993
23-04-2019,24-04-2019,Hampton Inn Manhattan/Downtown- Financial District,"1,362",8.3/10,774
23-04-2019,24-04-2019,West Side YMCA,377,7.3/10,"6,270"
23-04-2019,24-04-2019,Travel Inn - Midtown Manhattan,647,7.8/10,"1,581"
23-04-2019,24-04-2019,Comfort Inn Times Square West,913,8.1/10,634
23-04-2019,24-04-2019,Mr C Seaport,"1,240",8.8/10,92
23-04-2019,24-04-2019,Chelsea Inn,913,7.8/10,"1,125"
23-04-2019,24-04-2019,Jazz on the Park Youth Hostel,458,6.6/10,"1,987"
23-04-2019,24-04-2019,The Ridge Hotel,797,8.1/10,"1,309"
23-04-2019,24-04-2019,Pod 51,571,7.9/10,"7,585"
23-04-2019,24-04-2019,Broadway Hotel & Hostel,368,7.0/10,"3,310"
23-04-2019,24-04-2019,Americana Inn,787,7.5/10,"1,124"
23-04-2019,24-04-2019,Hudson River Hotel,733,7.1/10,"1,486"
23-04-2019,24-04-2019,Mayfair New York Times Square,782,7.4/10,666
23-04-2019,24-04-2019,The Skyline Hotel New York,823,8.0/10,"1,250"
23-04-2019,24-04-2019,U.S. Pacific Hotel,265,6.4/10,"1,836"
23-04-2019,24-04-2019,Belnord Hotel,521,8.0/10,"3,857"
23-04-2019,24-04-2019,Park West Hotel,526,6.7/10,"1,174"
23-04-2019,24-04-2019,The Jane,485,8.1/10,"3,286"
23-04-2019,24-04-2019,Riverside Tower Hotel,571,7.2/10,"2,323"
23-04-2019,24-04-2019,Hotel Indigo Lower East Side,"1,111",8.6/10,"1,172"
23-04-2019,24-04-2019,Rostel,385,6.0/10,302
23-04-2019,24-04-2019,Edge Hotel Washington Heights,"1,111",8.6/10,341
23-04-2019,24-04-2019,CITY ROOMS NYC - Chelsea,500,8.1/10,825
23-04-2019,24-04-2019,The French Quarters,"1,182",9.2/10,"1,633"
23-04-2019,24-04-2019,World Hotel,210,4.7/10,"2,887"
23-04-2019,24-04-2019,Hotel Marrakech on Broadway,669,6.8/10,"2,973"
23-04-2019,24-04-2019,Hotel 31,536,8.1/10,"2,463"
23-04-2019,24-04-2019,YOTEL New York Times Square,773,8.2/10,"4,381"
23-04-2019,24-04-2019,The Maxwell New York City,"1,829",7.9/10,"1,196"
23-04-2019,24-04-2019,Hotel Newton,503,7.9/10,"1,513"
23-04-2019,24-04-2019,The GEM Hotel - Chelsea,"1,039",7.7/10,"1,736"
23-04-2019,24-04-2019,Royal Park Hotel & Hostel,394,6.8/10,"1,487"
23-04-2019,24-04-2019,The Marlton Hotel,"1,132",8.6/10,"1,333"
23-04-2019,24-04-2019,Manhattan Broadway Hotel,607,6.6/10,"1,143"
23-04-2019,24-04-2019,Sweet Spot In Manhattan!,449,6.8/10,18
23-04-2019,24-04-2019,Hotel Stanford NYC,791,8.0/10,"3,520"
23-04-2019,24-04-2019,Carnegie Hotel,999,8.9/10,"1,516"
23-04-2019,24-04-2019,SoHo Garden Hotel,657,7.8/10,"1,859"
23-04-2019,24-04-2019,Park Lane Hotel - A Central Park Hotel,"1,258",7.6/10,"5,513"
23-04-2019,24-04-2019,Hotel Beacon,"1,362",8.9/10,"2,647"
23-04-2019,24-04-2019,Courtyard New York Manhattan/Upper East Side,"1,039",8.1/10,814
23-04-2019,24-04-2019,Canal Loft Hostel & Hotel,848,7.7/10,719
23-04-2019,24-04-2019,Iberostar 70 Park Avenue,"1,716",8.3/10,"1,660"
23-04-2019,24-04-2019,Wyndham Garden Chinatown,734,8.1/10,369
23-04-2019,24-04-2019,"6 Columbus, Central Park a Sixty Hotel","2,121",7.7/10,334
23-04-2019,24-04-2019,Off SoHo Suites Hotel,"1,075",7.9/10,493
23-04-2019,24-04-2019,Windsor Hotel,546,6.2/10,899
23-04-2019,24-04-2019,The Bowery Hotel,"1,312",9.1/10,607
23-04-2019,24-04-2019,The Mercer,"1,711",9.0/10,249
23-04-2019,24-04-2019,Trump International New York,"1,779",8.9/10,889
23-04-2019,24-04-2019,"The Chatwal, a Luxury Collection Hotel, New York City","3,019",8.9/10,106
23-04-2019,24-04-2019,Sheraton New York Times Square Hotel,"1,434",7.6/10,"1,907"
23-04-2019,24-04-2019,The Plaza,"3,037",8.5/10,519
23-04-2019,24-04-2019,Best Western Plus Hospitality House Suites,978,8.6/10,666
23-04-2019,24-04-2019,W New York - Times Square,"1,192",7.9/10,"1,744"
23-04-2019,24-04-2019,The Gatsby Hotel,"1,039",7.8/10,315
23-04-2019,24-04-2019,Chelsea Savoy,952,7.8/10,259
23-04-2019,24-04-2019,Orchard Street Hotel,"1,147",8.3/10,"1,179"
23-04-2019,24-04-2019,Pod 39,751,8.2/10,"6,968"
23-04-2019,24-04-2019,La Quinta by Wyndham New York City Central Park,679,7.6/10,"3,404"
23-04-2019,24-04-2019,Solita Soho Hotel,787,7.8/10,665
23-04-2019,24-04-2019,Four Points by Sheraton Manhattan SoHo Village,"1,470",8.1/10,"1,193"
23-04-2019,24-04-2019,Holiday Inn Wall Street,787,8.1/10,493
23-04-2019,24-04-2019,Wyndham Midtown 45,"1,127",8.0/10,144
23-04-2019,24-04-2019,WestHouse Hotel New York,"1,397",8.1/10,571
23-04-2019,24-04-2019,The Broome,"1,506",9.1/10,263
23-04-2019,24-04-2019,Hotel Wales,868,8.1/10,929
23-04-2019,24-04-2019,The High Line Hotel,"1,430",8.4/10,222
23-04-2019,24-04-2019,Hotel Wolcott,719,8.0/10,"1,369"
23-04-2019,24-04-2019,Yorkville Apartments -Upper East Side,997,6.9/10,97
23-04-2019,24-04-2019,Hotel 48LEX New York,"1,793",8.4/10,889
23-04-2019,24-04-2019,AFFORDABLE LUXURY...Exclusive Living @ Its Best!,525,7.7/10,15
23-04-2019,24-04-2019,The Benjamin,"1,542",8.1/10,631
23-04-2019,24-04-2019,Royalton Park Avenue,"1,923",8.6/10,"1,001"
23-04-2019,24-04-2019,The Marmara Park Avenue,"1,512",8.5/10,302
23-04-2019,24-04-2019,NY Away - The ideal Family & Friends 4 Bedrooms / 4 Bathrooms in Manhattan,"1,860",7.0/10,28
23-04-2019,24-04-2019,Hotel Mulberry,823,8.7/10,666
23-04-2019,24-04-2019,"Staypineapple, an Artful Hotel New York",751,9.2/10,32
23-04-2019,24-04-2019,Upper East One Bedroom Apartment,715,6.2/10,27
23-04-2019,24-04-2019,The Whitby Hotel,"2,498",9.5/10,292
23-04-2019,24-04-2019,Gramercy Park Apartments,679,7.1/10,90
23-04-2019,24-04-2019,Holiday Inn Express Manhattan Midtown West,963,7.7/10,324
23-04-2019,24-04-2019,W New York - Downtown,"1,452",8.0/10,389
23-04-2019,24-04-2019,Redford Hotel,658,6.8/10,347
23-04-2019,24-04-2019,West 57th Street by Hilton Club,"1,477",8.6/10,12
23-04-2019,24-04-2019,Tiffini,988,8.7/10,147
23-04-2019,24-04-2019,Dream Midtown,"1,181",8.1/10,"1,920"
23-04-2019,24-04-2019,"The Algonquin Hotel Times Square, Autograph Collection","1,434",8.7/10,132
23-04-2019,24-04-2019,Holiday Inn Lower East Side,"1,348",8.4/10,238
23-04-2019,24-04-2019,Sonder — Wall Street,751,8.1/10,12
23-04-2019,24-04-2019,The Tuscany - A St Giles Signature Hotel,"1,362",8.8/10,493
23-04-2019,24-04-2019,Renaissance New York Hotel 57,"1,362",7.9/10,662
23-04-2019,24-04-2019,The Surrey,"2,067",8.5/10,210
23-04-2019,24-04-2019,Renaissance New York Times Square Hotel,"1,614",8.4/10,333
23-04-2019,24-04-2019,The Franklin Hotel,"2,195",7.0/10,776
23-04-2019,24-04-2019,Midtown West Hotel,"1,182",6.9/10,"1,640"
23-04-2019,24-04-2019,Chelsea Cabins,467,7.4/10,"3,158"
23-04-2019,24-04-2019,Jazz on Columbus Circle Hostel,458,7.9/10,"3,590"
23-04-2019,24-04-2019,HI NYC Hostel,183,8.4/10,"11,960"
23-04-2019,24-04-2019,Interfaith Retreats,518,7.8/10,694
23-04-2019,24-04-2019,Vanderbilt YMCA,884,7.3/10,"5,615"
23-04-2019,24-04-2019,The Bowery House,568,6.5/10,"2,484"
23-04-2019,24-04-2019,Central Park West Hostel,359,6.3/10,"1,852"
23-04-2019,24-04-2019,"Martinique New York on Broadway, Curio Collection by Hilton","1,111",8.2/10,"7,927"
23-04-2019,24-04-2019,Night Hotel Times Square,"1,075",7.5/10,"2,375"
23-04-2019,24-04-2019,Crowne Plaza Times Square,737,8.2/10,"7,172"
23-04-2019,24-04-2019,The Dominick Hotel,"1,599",8.6/10,"1,269"
23-04-2019,24-04-2019,Residence Inn by Marriott New York Manhattan/Times Square,"1,506",8.3/10,"3,801"
23-04-2019,24-04-2019,The Hotel at Times Square,"1,182",7.9/10,"7,816"
23-04-2019,24-04-2019,Residence Inn by Marriott New York Manhattan/Central Park,"1,578",8.3/10,"1,901"
23-04-2019,24-04-2019,Courtyard by Marriott New York Manhattan/Central Park,"1,542",8.2/10,"5,876"
23-04-2019,24-04-2019,The Allen Hotel,809,8.5/10,954
23-04-2019,24-04-2019,Arlo SoHo,"2,189",8.6/10,"3,713"
23-04-2019,24-04-2019,Holiday Inn Manhattan Financial District,967,8.2/10,"2,411"
23-04-2019,24-04-2019,Hampton Inn Manhattan Grand Central,"1,506",8.7/10,"2,339"
23-04-2019,24-04-2019,The Standard - East Village,"1,384",8.8/10,813
23-04-2019,24-04-2019,Hilton Garden Inn New York/Midtown Park Avenue,"1,096",8.5/10,"1,690"
23-04-2019,24-04-2019,Hampton Inn Manhattan-35th Street/Empire State Building,"1,003",8.6/10,"1,466"
23-04-2019,24-04-2019,SoHo 54,601,8.0/10,598
23-04-2019,24-04-2019,Candlewood Suites NYC -Times Square,895,8.1/10,"2,429"
23-04-2019,24-04-2019,Aloft Manhattan Downtown - Financial District,"1,218",8.4/10,"1,261"
23-04-2019,24-04-2019,Residence Inn by Marriott New York Downtown Manhattan/World Trade Center Area,"1,283",8.7/10,973
23-04-2019,24-04-2019,AKA Wall Street,"1,527",9.3/10,780
23-04-2019,24-04-2019,Flatiron Hotel,967,7.2/10,581
23-04-2019,24-04-2019,"The New Yorker, A Wyndham Hotel",758,7.9/10,"8,226"
23-04-2019,24-04-2019,World Center Hotel,"1,218",8.6/10,"3,359"
23-04-2019,24-04-2019,MOXY NYC Times Square,"1,039",8.5/10,"5,596"
23-04-2019,24-04-2019,Hotel Mimosa,631,8.5/10,893
23-04-2019,24-04-2019,Westin New York at Times Square,"1,434",8.1/10,"1,268"
23-04-2019,24-04-2019,Seton Hotel,791,8.4/10,"1,509"
23-04-2019,24-04-2019,Lord & Moris - Times Square Hotel,679,7.8/10,707
23-04-2019,24-04-2019,Holiday Inn New York City - Times Square,"1,075",8.3/10,845
23-04-2019,24-04-2019,Fairfield Inn & Suites by Marriott New York Manhattan/Fifth Avenue,"1,218",8.4/10,"1,302"
23-04-2019,24-04-2019,"The Beekman, a Thompson Hotel","1,542",9.2/10,"2,496"
23-04-2019,24-04-2019,Hilton Garden Inn New York Times Square South,"1,147",8.7/10,"1,931"
23-04-2019,24-04-2019,Andaz Wall Street-a concept by Hyatt,"1,254",8.7/10,675
23-04-2019,24-04-2019,Hampton Inn Manhattan - Times Square South,988,8.4/10,"1,450"
23-04-2019,24-04-2019,Fairfield Inn & Suites By Marriott New York Manhattan/Times Square,"1,147",8.4/10,"4,225"
23-04-2019,24-04-2019,Homewood Suites Midtown Manhattan Times Square South,"1,032",8.9/10,"2,004"
23-04-2019,24-04-2019,Fairfield Inn & Suites by Marriott New York Midtown Manhattan/Penn Station,"1,362",8.5/10,899
23-04-2019,24-04-2019,The Roosevelt Hotel,"1,075",7.1/10,"1,161"
23-04-2019,24-04-2019,Conrad New York,"2,009",9.1/10,928
23-04-2019,24-04-2019,Four Points by Sheraton New York Downtown,"1,075",8.0/10,"3,423"
23-04-2019,24-04-2019,citizenM New York Times Square,"1,290",9.2/10,"5,207"
23-04-2019,24-04-2019,Millennium Hilton New York One UN Plaza,"1,218",8.4/10,"3,971"
23-04-2019,24-04-2019,"The Paul Hotel NYC-Chelsea, an Ascend Hotel Collection Member","1,147",7.9/10,"1,357"
23-04-2019,24-04-2019,Concorde Hotel New York,"1,136",9.0/10,838
23-04-2019,24-04-2019,Hilton Garden Inn New York/Tribeca,"1,116",8.3/10,664
23-04-2019,24-04-2019,Hilton Garden Inn Times Square,"1,111",8.3/10,"1,921"
23-04-2019,24-04-2019,MADE Hotel,"1,420",9.0/10,"1,899"
23-04-2019,24-04-2019,U Hotel Fifth Avenue,823,8.3/10,"1,563"
23-04-2019,24-04-2019,The Redbury New York,"1,254",8.1/10,"3,051"
23-04-2019,24-04-2019,Hampton Inn Manhattan Chelsea,"1,578",8.6/10,829
23-04-2019,24-04-2019,Hampton Inn Manhattan-Times Square North,827,8.3/10,"1,625"
23-04-2019,24-04-2019,Hilton Garden Inn Times Square Central,"1,107",8.3/10,"1,221"
23-04-2019,24-04-2019,Fairfield Inn & Suites by Marriott New York Manhattan/Central Park,"1,147",8.5/10,616
23-04-2019,24-04-2019,"The Langham, New York, Fifth Avenue","2,343",9.2/10,"1,104"
23-04-2019,24-04-2019,Moxy NYC Downtown,"1,865",8.9/10,321
23-04-2019,24-04-2019,Courtyard by Marriott New York Manhattan/Chelsea,"1,542",8.6/10,889
23-04-2019,24-04-2019,Solita Soho Hotel,787,7.8/10,666
23-04-2019,24-04-2019,Sohotel,895,8.4/10,"1,935"
23-04-2019,24-04-2019,"The Pierre, A Taj Hotel, New York","2,246",8.9/10,405
23-04-2019,24-04-2019,Four Points by Sheraton Midtown - Times Square,"1,599",8.4/10,"3,005"
23-04-2019,24-04-2019,Hilton Garden Inn Central Park South,"1,111",8.3/10,"3,723"
23-04-2019,24-04-2019,Best Western Bowery Hanbee Hotel,805,8.2/10,"1,059"
23-04-2019,24-04-2019,AKA Times Square,"1,222",8.7/10,759
23-04-2019,24-04-2019,Club Quarters Hotel World Trade Center,"1,111",8.6/10,"1,295"
23-04-2019,24-04-2019,Dream Downtown,"1,690",7.7/10,"1,512"
23-04-2019,24-04-2019,Washington Jefferson at Times Square,823,7.7/10,"1,662"
23-04-2019,24-04-2019,NoMo SoHo,"1,126",8.2/10,"1,841"
23-04-2019,24-04-2019,Baccarat Hotel and Residences New York,"3,576",9.3/10,279
23-04-2019,24-04-2019,Crosby Street Hotel,"2,498",9.4/10,203
23-04-2019,24-04-2019,138 Bowery,"1,003",6.6/10,14
23-04-2019,24-04-2019,Madison LES Hotel,791,7.8/10,251
23-04-2019,24-04-2019,Hilton Garden Inn New York Manhattan Midtown East,967,8.5/10,943
23-04-2019,24-04-2019,City Club Hotel,"1,111",8.3/10,"1,126"
23-04-2019,24-04-2019,Duane Street Hotel Tribeca,805,8.6/10,319
23-04-2019,24-04-2019,Fitzpatrick Grand Central,963,9.0/10,606
23-04-2019,24-04-2019,The Nomad Suites,536,7.2/10,202
23-04-2019,24-04-2019,Row NYC at Times Square,787,7.2/10,"11,318"
23-04-2019,24-04-2019,"Nyma, The New York Manhattan Hotel",715,7.5/10,"2,511"
23-04-2019,24-04-2019,Hotel 91,704,7.5/10,"1,580"
23-04-2019,24-04-2019,The Westin New York Grand Central,"1,542",8.0/10,"1,079"
23-04-2019,24-04-2019,Hilton Club New York,"1,402",8.6/10,22
23-04-2019,24-04-2019,Sonder — Wall Street,751,8.1/10,13
23-04-2019,24-04-2019,Millennium Hilton New York Downtown,"1,398",8.3/10,"2,592"
23-04-2019,24-04-2019,American Dream,464,8.5/10,19
23-04-2019,24-04-2019,The Grand NYC Apartments,236,6.0/10,234
23-04-2019,24-04-2019,Blue Moon Boutique Hostel & Hotel,895,7.7/10,"1,592"
24-04-2019,25-04-2019,The Manhattan at Times Square,714,6.8/10,"6,370"
24-04-2019,25-04-2019,Hotel Pennsylvania,451,5.6/10,"40,726"
24-04-2019,25-04-2019,Amsterdam Court Hotel,747,7.3/10,"2,148"
24-04-2019,25-04-2019,Westgate New York Grand Central,"1,336",7.6/10,"1,613"
24-04-2019,25-04-2019,"Martinique New York on Broadway, Curio Collection by Hilton","1,115",8.2/10,"7,934"
24-04-2019,25-04-2019,"Club Quarters Hotel, Opposite Rockefeller Center","1,147",8.1/10,"2,031"
24-04-2019,25-04-2019,Hampton Inn Manhattan Grand Central,"1,187",8.7/10,"2,341"
24-04-2019,25-04-2019,New York Hilton Midtown,"1,504",7.9/10,"3,818"
24-04-2019,25-04-2019,Broadway at Times Square Hotel,808,8.4/10,"3,081"
24-04-2019,25-04-2019,Hilton Garden Inn West 35th Street,"1,111",8.6/10,"2,090"
24-04-2019,25-04-2019,DoubleTree by Hilton - Chelsea,"1,295",7.8/10,"1,272"
24-04-2019,25-04-2019,Cambria Hotel New York - Times Square,934,8.7/10,"3,880"
24-04-2019,25-04-2019,Days Hotel by Wyndham on Broadway NYC,538,6.6/10,"5,060"
24-04-2019,25-04-2019,InterContinental New York Barclay Hotel,"1,728",8.7/10,"2,281"
24-04-2019,25-04-2019,Night Hotel Times Square,"1,331",7.5/10,"2,378"
24-04-2019,25-04-2019,Heritage Hotel New York City,794,7.2/10,"3,079"
24-04-2019,25-04-2019,The Watson Hotel,763,7.8/10,"12,286"
24-04-2019,25-04-2019,Soho Grand Hotel,"1,367",8.5/10,"1,608"
24-04-2019,25-04-2019,Citadines Connect Fifth Avenue New York,808,8.4/10,"1,414"
24-04-2019,25-04-2019,Hilton Times Square,"1,151",8.4/10,"1,857"
24-04-2019,25-04-2019,DoubleTree by Hilton NYC - Financial District,862,7.8/10,"3,152"
24-04-2019,25-04-2019,Radio City Apartments,794,8.6/10,"4,387"
24-04-2019,25-04-2019,Millennium Times Square New York,970,7.7/10,"3,605"
24-04-2019,25-04-2019,The Hotel @ New York City,"1,006",7.7/10,"3,898"
24-04-2019,25-04-2019,Hyatt Herald Square New York,"1,151",8.3/10,"1,666"
24-04-2019,25-04-2019,Holiday Inn Express New York City Chelsea,934,8.2/10,"2,329"
24-04-2019,25-04-2019,Grand Hyatt New York,"1,583",7.7/10,"4,783"
24-04-2019,25-04-2019,Cambria Hotel New York - Chelsea,"1,078",8.8/10,"1,416"
24-04-2019,25-04-2019,Gansevoort Meatpacking,"1,282",8.3/10,"1,675"
24-04-2019,25-04-2019,Eurostars Wall Street,631,8.1/10,912
24-04-2019,25-04-2019,Homewood Suites Midtown Manhattan Times Square South,963,8.9/10,"2,009"
24-04-2019,25-04-2019,"The Standard, High Line New York","1,317",8.3/10,"3,041"
24-04-2019,25-04-2019,Wellington Hotel,719,7.8/10,"6,698"
24-04-2019,25-04-2019,Holiday Inn Express - Times Square South,"1,187",8.3/10,"2,401"
24-04-2019,25-04-2019,Hotel Lucerne,873,8.5/10,"2,142"
24-04-2019,25-04-2019,The Hotel at Times Square,970,7.9/10,"7,828"
24-04-2019,25-04-2019,"Night Hotel Theater District, Times Square","1,259",8.0/10,575
24-04-2019,25-04-2019,"Hotel Shocard, New York",794,8.3/10,"1,713"
24-04-2019,25-04-2019,Crowne Plaza Times Square,718,8.2/10,"7,178"
24-04-2019,25-04-2019,City Club Hotel,"1,042",8.3/10,"1,127"
24-04-2019,25-04-2019,The Dominick Hotel,"1,749",8.6/10,"1,270"
24-04-2019,25-04-2019,Candlewood Suites NYC -Times Square,898,8.1/10,"2,428"
24-04-2019,25-04-2019,"LIFE Hotel, NoMad","1,115",8.1/10,"1,703"
24-04-2019,25-04-2019,The Marcel at Gramercy,970,8.3/10,"2,175"
24-04-2019,25-04-2019,Hyatt House New York/Chelsea,"1,259",8.8/10,"2,413"
24-04-2019,25-04-2019,Fairfield Inn by Marriott New York Manhattan/Financial District,826,8.3/10,"2,890"
24-04-2019,25-04-2019,"The New Yorker, A Wyndham Hotel",916,7.9/10,"8,235"
24-04-2019,25-04-2019,The Allen Hotel,992,8.5/10,957
24-04-2019,25-04-2019,Hampton Inn Madison Square Garden,826,8.7/10,"1,210"
24-04-2019,25-04-2019,Hilton Garden Inn New York/Midtown Park Avenue,"1,280",8.5/10,"1,693"
24-04-2019,25-04-2019,The Standard - East Village,"1,749",8.8/10,817
24-04-2019,25-04-2019,Hampton Inn Manhattan-35th Street/Empire State Building,"1,151",8.6/10,"1,462"
24-04-2019,25-04-2019,SoHo 54,892,8.0/10,606
24-04-2019,25-04-2019,Aloft Manhattan Downtown - Financial District,898,8.4/10,"1,262"
24-04-2019,25-04-2019,DoubleTree by Hilton Metropolitan New York City,"1,187",7.7/10,"3,525"
24-04-2019,25-04-2019,Andaz Wall Street-a concept by Hyatt,"1,259",8.7/10,676
24-04-2019,25-04-2019,Hampton Inn Manhattan-Times Square North,"1,371",8.3/10,"1,626"
24-04-2019,25-04-2019,Residence Inn by Marriott New York Downtown Manhattan/World Trade Center Area,"1,295",8.7/10,973
24-04-2019,25-04-2019,Hyatt Union Square New York,"2,233",8.7/10,504
24-04-2019,25-04-2019,Bentley Hotel,728,7.9/10,"1,861"
24-04-2019,25-04-2019,"Hudson New York, Central Park",992,7.1/10,"11,560"
24-04-2019,25-04-2019,Arlo SoHo,918,8.6/10,"3,710"
24-04-2019,25-04-2019,Westin New York at Times Square,"1,238",8.1/10,"1,267"
24-04-2019,25-04-2019,Holiday Inn Manhattan Financial District,790,8.2/10,"2,419"
24-04-2019,25-04-2019,Flatiron Hotel,970,7.2/10,579
24-04-2019,25-04-2019,"The Beekman, a Thompson Hotel","1,547",9.2/10,"2,502"
24-04-2019,25-04-2019,Ace Hotel New York,"1,115",8.4/10,"1,563"
24-04-2019,25-04-2019,Novotel New York Times Square,"1,295",8.4/10,"3,049"
24-04-2019,25-04-2019,Sofitel New York,"1,259",8.6/10,"1,243"
24-04-2019,25-04-2019,The Peninsula New York,"2,687",8.8/10,296
24-04-2019,25-04-2019,MOXY NYC Times Square,"1,078",8.5/10,"5,602"
24-04-2019,25-04-2019,Hotel Edison Times Square,776,7.6/10,"12,547"
24-04-2019,25-04-2019,Lord & Moris - Times Square Hotel,537,7.8/10,711
24-04-2019,25-04-2019,Pod 39,898,8.2/10,"6,981"
24-04-2019,25-04-2019,Hotel 50 Bowery,"1,187",9.1/10,"2,400"
24-04-2019,25-04-2019,The Gatsby Hotel,934,7.8/10,317
24-04-2019,25-04-2019,Best Western Premier Herald Square,974,8.6/10,"1,272"
24-04-2019,25-04-2019,Fairfield Inn & Suites by Marriott New York Manhattan/Fifth Avenue,"1,042",8.4/10,"1,301"
24-04-2019,25-04-2019,1 Hotel Central Park,"1,547",8.9/10,"1,274"
24-04-2019,25-04-2019,Hilton Garden Inn New York Times Square South,898,8.7/10,"1,932"
24-04-2019,25-04-2019,Hampton Inn Manhattan - Times Square South,"1,028",8.4/10,"1,452"
24-04-2019,25-04-2019,Concorde Hotel New York,"1,151",9.0/10,844
24-04-2019,25-04-2019,DoubleTree by Hilton New York Times Square South,"1,127",7.4/10,"1,291"
24-04-2019,25-04-2019,Leon Hotel,664,8.3/10,"1,498"
24-04-2019,25-04-2019,Staybridge Suites - Times Square - New York City,992,8.1/10,"3,173"
24-04-2019,25-04-2019,Fairfield Inn & Suites By Marriott New York Manhattan/Times Square,"1,223",8.4/10,"4,220"
24-04-2019,25-04-2019,Orchard Street Hotel,970,8.3/10,"1,177"
24-04-2019,25-04-2019,Holiday Inn New York City - Times Square,898,8.3/10,848
24-04-2019,25-04-2019,Empire Hotel,"1,065",7.6/10,"3,730"
24-04-2019,25-04-2019,World Center Hotel,"1,115",8.6/10,"3,366"
24-04-2019,25-04-2019,Dream Downtown,"1,542",7.7/10,"1,513"
24-04-2019,25-04-2019,The Roosevelt Hotel,826,7.1/10,"1,171"
24-04-2019,25-04-2019,Holiday Inn Manhattan 6th Ave - Chelsea,"1,042",7.5/10,"1,647"
24-04-2019,25-04-2019,Aliz Hotel Times Square,866,8.6/10,"1,237"
24-04-2019,25-04-2019,citizenM New York Times Square,"1,187",9.2/10,"5,212"
24-04-2019,25-04-2019,Millennium Hilton New York One UN Plaza,"1,259",8.4/10,"3,974"
24-04-2019,25-04-2019,TRYP by Wyndham Times Square South,"1,367",8.1/10,"2,734"
24-04-2019,25-04-2019,Hilton Garden Inn Times Square Central,"1,594",8.3/10,"1,222"
24-04-2019,25-04-2019,La Quinta by Wyndham New York City Central Park,664,7.6/10,"3,401"
24-04-2019,25-04-2019,InterContinental New York Times Square,938,8.0/10,"2,891"
24-04-2019,25-04-2019,"The Paul Hotel NYC-Chelsea, an Ascend Hotel Collection Member","1,006",7.9/10,"1,353"
24-04-2019,25-04-2019,U Hotel Fifth Avenue,934,8.3/10,"1,564"
24-04-2019,25-04-2019,Carvi Hotel New York,718,8.5/10,"1,151"
24-04-2019,25-04-2019,Hampton Inn Manhattan Chelsea,"1,078",8.6/10,831
24-04-2019,25-04-2019,Hilton Garden Inn New York/Tribeca,"1,064",8.3/10,664
24-04-2019,25-04-2019,Courtyard by Marriott New York Downtown Manhattan/World Trade Center Area,"1,295",8.5/10,"2,008"
24-04-2019,25-04-2019,The Mansfield Hotel,"1,100",7.6/10,788
24-04-2019,25-04-2019,Cachet Boutique Hotel NYC,721,7.8/10,"1,062"
24-04-2019,25-04-2019,The Redbury New York,"1,187",8.1/10,"3,053"
24-04-2019,25-04-2019,The Mercer,"1,775",9.0/10,248
24-04-2019,25-04-2019,"The Langham, New York, Fifth Avenue","1,475",9.2/10,"1,102"
24-04-2019,25-04-2019,Solita Soho Hotel,826,7.8/10,666
24-04-2019,25-04-2019,Courtyard by Marriott New York Manhattan/Chelsea,"1,367",8.6/10,893
24-04-2019,25-04-2019,Club Quarters Hotel Midtown - Times Square,"1,115",8.3/10,"1,335"
24-04-2019,25-04-2019,AKA Wall Street,"1,389",9.3/10,778
24-04-2019,25-04-2019,Sixty LES,"1,190",8.2/10,976
24-04-2019,25-04-2019,Hilton Garden Inn NYC Financial Center/Manhattan Downtown,"1,262",8.8/10,"1,502"
24-04-2019,25-04-2019,Four Points by Sheraton Midtown - Times Square,"1,767",8.4/10,"3,003"
24-04-2019,25-04-2019,Hyatt Centric Times Square New York,"1,439",8.7/10,"4,271"
24-04-2019,25-04-2019,Trump International New York,"1,867",8.9/10,891
24-04-2019,25-04-2019,Moxy NYC Chelsea,"1,475",8.9/10,75
24-04-2019,25-04-2019,New York Marriott Marquis,"1,583",8.2/10,"2,293"
24-04-2019,25-04-2019,The Gallivant Times Square,728,7.3/10,"5,767"
24-04-2019,25-04-2019,"The Lexington Hotel, Autograph Collection","1,298",8.1/10,"2,238"
24-04-2019,25-04-2019,Chambers Hotel,"1,769",8.7/10,985
24-04-2019,25-04-2019,The Time New York,898,8.2/10,"1,967"
24-04-2019,25-04-2019,Studios Midtown Manhattan,934,8.6/10,375
24-04-2019,25-04-2019,HGU New York,"1,223",8.6/10,"1,633"
24-04-2019,25-04-2019,WeLive Wall Street,"1,095",9.1/10,24
24-04-2019,25-04-2019,The London NYC,"1,948",8.1/10,"1,122"
24-04-2019,25-04-2019,East Village Hotel,934,8.1/10,867
24-04-2019,25-04-2019,SpringHill Suites by Marriott New York Midtown Manhattan/Fifth Avenue,"1,295",8.5/10,539
24-04-2019,25-04-2019,Four Seasons Hotel New York Downtown,"2,561",9.3/10,290
24-04-2019,25-04-2019,Four Points by Sheraton New York Downtown,826,8.0/10,"3,428"
24-04-2019,25-04-2019,Walker Hotel Greenwich Village,"1,749",8.4/10,799
24-04-2019,25-04-2019,"The Pierre, A Taj Hotel, New York","2,038",8.9/10,407
24-04-2019,25-04-2019,The Quin Central Park by Hilton Club,"1,764",8.8/10,"1,519"
24-04-2019,25-04-2019,Sheraton New York Times Square Hotel,"1,601",7.6/10,"1,908"
24-04-2019,25-04-2019,EVEN Hotel New York - Midtown East 44th,"1,223",8.6/10,"1,703"
24-04-2019,25-04-2019,LUMA Hotel - Times Square,"1,389",9.2/10,"3,222"
24-04-2019,25-04-2019,Hilton Garden Inn Central Park South,"1,078",8.3/10,"3,727"
24-04-2019,25-04-2019,The Kitano Hotel New York,"1,361",8.7/10,828
24-04-2019,25-04-2019,Hotel Hayden New York,812,8.2/10,"1,207"
24-04-2019,25-04-2019,The Assemblage John Street,"1,620",9.2/10,266
24-04-2019,25-04-2019,Hampton Inn Times Square Central,"1,295",8.9/10,"2,234"
24-04-2019,25-04-2019,Hilton Garden Inn New York Manhattan Midtown East,844,8.5/10,946
24-04-2019,25-04-2019,Washington Jefferson at Times Square,790,7.7/10,"1,666"
24-04-2019,25-04-2019,Loews Regency New York Hotel,"2,377",8.8/10,475
24-04-2019,25-04-2019,Park Terrace Hotel on Bryant Park,"1,461",9.1/10,89
24-04-2019,25-04-2019,The Kimpton Muse Hotel,"1,511",8.8/10,713
24-04-2019,25-04-2019,Hotel Hugo,"1,636",8.1/10,"1,076"
24-04-2019,25-04-2019,"Hotel Henri New York, A Wyndham Hotel","1,068",7.9/10,511
24-04-2019,25-04-2019,Moderne Hotel,978,8.4/10,980
24-04-2019,25-04-2019,The Iroquois New York,"1,187",8.9/10,609
24-04-2019,25-04-2019,Freehand New York,898,8.8/10,"1,125"
24-04-2019,25-04-2019,Executive Hotel Le Soleil New York,"1,439",8.5/10,"2,629"
24-04-2019,25-04-2019,Room Mate Grace Boutique Hotel,"1,223",8.7/10,"1,932"
24-04-2019,25-04-2019,Hilton New York Fashion District,971,8.2/10,"1,321"
24-04-2019,25-04-2019,The Frederick Hotel,"1,656",8.4/10,"1,521"
24-04-2019,25-04-2019,Holiday Inn Express - Times Square,862,7.8/10,"2,192"
24-04-2019,25-04-2019,Fairfield Inn & Suites by Marriott New York Manhattan/Chelsea,"1,042",8.3/10,984
24-04-2019,25-04-2019,Tiffini,992,8.7/10,148
24-04-2019,25-04-2019,Gramercy Park Hotel,"1,710",8.4/10,330
24-04-2019,25-04-2019,W New York - Times Square,"1,607",7.9/10,"1,744"
24-04-2019,25-04-2019,11 Howard,"1,295",8.3/10,684
24-04-2019,25-04-2019,The Mark New York,"2,615",9.0/10,264
24-04-2019,25-04-2019,Sohotel,"1,078",8.4/10,"1,937"
24-04-2019,25-04-2019,Pod Times Square,646,8.6/10,"10,877"
24-04-2019,25-04-2019,Courtyard by Marriott New York Manhattan/Herald Square,"1,187",8.6/10,698
24-04-2019,25-04-2019,EVEN Hotel New York Times Square South,"1,187",9.0/10,987
24-04-2019,25-04-2019,AKA Times Square,"1,569",8.7/10,760
24-04-2019,25-04-2019,Lombardy Hotel,"1,764",8.6/10,"1,041"
24-04-2019,25-04-2019,Mondrian Park Avenue,"1,353",8.4/10,523
24-04-2019,25-04-2019,Mr C Seaport,"1,461",8.8/10,93
24-04-2019,25-04-2019,Q&A Residential Hotel,"1,421",9.1/10,385
24-04-2019,25-04-2019,Kimpton Hotel Eventi,"1,511",8.7/10,695
24-04-2019,25-04-2019,Harlem YMCA,325,6.9/10,995
24-04-2019,25-04-2019,Vanderbilt YMCA,523,7.3/10,"5,624"
24-04-2019,25-04-2019,Hampton Inn Manhattan/Downtown- Financial District,934,8.3/10,776
24-04-2019,25-04-2019,West Side YMCA,469,7.3/10,"6,277"
24-04-2019,25-04-2019,Travel Inn - Midtown Manhattan,649,7.8/10,"1,581"
24-04-2019,25-04-2019,Comfort Inn Times Square West,880,8.1/10,636
24-04-2019,25-04-2019,Pod 51,646,7.9/10,"7,586"
24-04-2019,25-04-2019,Americana Inn,757,7.5/10,"1,124"
24-04-2019,25-04-2019,Broadway Hotel & Hostel,369,7.0/10,"3,314"
24-04-2019,25-04-2019,The Maxwell New York City,"2,161",7.9/10,"1,196"
24-04-2019,25-04-2019,Midtown Convention Center Hotel NYC,693,6.5/10,"2,778"
24-04-2019,25-04-2019,The Skyline Hotel New York,"1,115",8.0/10,"1,252"
24-04-2019,25-04-2019,U.S. Pacific Hotel,470,6.4/10,"1,836"
24-04-2019,25-04-2019,Belnord Hotel,559,8.0/10,"3,862"
24-04-2019,25-04-2019,Riverside Tower Hotel,610,7.2/10,"2,322"
24-04-2019,25-04-2019,Hudson River Hotel,808,7.1/10,"1,488"
24-04-2019,25-04-2019,Edge Hotel Washington Heights,"1,078",8.6/10,341
24-04-2019,25-04-2019,Jazz on the Park Youth Hostel,460,6.6/10,"1,992"
24-04-2019,25-04-2019,Rostel,386,6.0/10,302
24-04-2019,25-04-2019,Midtown East Apartments,775,7.8/10,34
24-04-2019,25-04-2019,Hotel Marrakech on Broadway,501,6.8/10,"2,976"
24-04-2019,25-04-2019,Hotel 31,610,8.1/10,"2,463"
24-04-2019,25-04-2019,Hotel Newton,721,7.9/10,"1,515"
24-04-2019,25-04-2019,YOTEL New York Times Square,801,8.2/10,"4,386"
24-04-2019,25-04-2019,Casablanca Hotel by Library Hotel Collection,"1,782",9.4/10,513
24-04-2019,25-04-2019,Econo Lodge Times Square,754,7.3/10,669
24-04-2019,25-04-2019,Manhattan Broadway Hotel,790,6.6/10,"1,146"
24-04-2019,25-04-2019,Canal Loft Hostel & Hotel,851,7.7/10,721
24-04-2019,25-04-2019,The GEM Hotel - Chelsea,"1,042",7.7/10,"1,740"
24-04-2019,25-04-2019,The Marlton Hotel,"1,280",8.6/10,"1,337"
24-04-2019,25-04-2019,Tier31 by ABRIKIM,"1,078",7.9/10,88
24-04-2019,25-04-2019,Carnegie Hotel,913,8.9/10,"1,515"
24-04-2019,25-04-2019,The Ludlow Hotel,"1,551",9.1/10,"1,570"
24-04-2019,25-04-2019,SoHo Garden Hotel,682,7.8/10,"1,856"
24-04-2019,25-04-2019,Park Central,708,7.9/10,"4,697"
24-04-2019,25-04-2019,Hotel Mela Times Square,790,7.9/10,"1,243"
24-04-2019,25-04-2019,Arthouse Hotel,"1,912",8.3/10,"1,018"
24-04-2019,25-04-2019,Windsor Hotel,505,6.2/10,900
24-04-2019,25-04-2019,Harlem Lodge,487,8.5/10,39
24-04-2019,25-04-2019,Royal Park Hotel & Hostel,365,6.8/10,"1,490"
24-04-2019,25-04-2019,Park Lane Hotel - A Central Park Hotel,"1,082",7.6/10,"5,516"
24-04-2019,25-04-2019,Omni Berkshire Place,"1,890",8.6/10,364
24-04-2019,25-04-2019,"Nyma, The New York Manhattan Hotel","1,042",7.5/10,"2,514"
24-04-2019,25-04-2019,Green Holidays Apartments,913,7.5/10,332
24-04-2019,25-04-2019,Hotel Beacon,"1,583",8.9/10,"2,652"
24-04-2019,25-04-2019,The Wagner Hotel,"1,324",8.9/10,578
24-04-2019,25-04-2019,Lex Hotel NYC,898,8.7/10,283
24-04-2019,25-04-2019,Blue Moon Boutique Hostel & Hotel,682,7.7/10,"1,593"
24-04-2019,25-04-2019,Holiday Inn Express - Wall Street,848,8.1/10,713
24-04-2019,25-04-2019,The Grand NYC Apartments,167,6.0/10,238
24-04-2019,25-04-2019,Madison LES Hotel,757,7.8/10,252
24-04-2019,25-04-2019,Millennium Hilton New York Downtown,"1,403",8.3/10,"2,593"
24-04-2019,25-04-2019,Chelsea Pines Inn,"1,006",8.3/10,"1,012"
24-04-2019,25-04-2019,Duane Street Hotel Tribeca,"1,036",8.6/10,319
24-04-2019,25-04-2019,NoMo SoHo,"1,004",8.2/10,"1,842"
24-04-2019,25-04-2019,Parker New York,"1,162",7.8/10,577
24-04-2019,25-04-2019,Hotel Metro,993,8.4/10,773
24-04-2019,25-04-2019,The Marmara Manhattan,"1,078",8.5/10,246
24-04-2019,25-04-2019,Millennium Premier New York Times Square,"1,208",8.2/10,725
24-04-2019,25-04-2019,The Central Park North,321,7.3/10,547
24-04-2019,25-04-2019,Michelangelo Hotel,"1,443",8.8/10,664
24-04-2019,25-04-2019,W New York - Downtown,"1,295",8.0/10,389
24-04-2019,25-04-2019,The Plaza,"2,958",8.5/10,520
24-04-2019,25-04-2019,Hotel Americano,"1,317",8.0/10,241
24-04-2019,25-04-2019,Off SoHo Suites Hotel,898,7.9/10,495
24-04-2019,25-04-2019,Royalton New York,873,8.3/10,839
24-04-2019,25-04-2019,Sister City New York,863,8.9/10,15
24-04-2019,25-04-2019,Fitzpatrick Grand Central,"1,255",9.0/10,606
24-04-2019,25-04-2019,The James New York - NoMad,"1,259",8.6/10,569
24-04-2019,25-04-2019,Paramount Hotel Times Square,678,6.8/10,"4,643"
24-04-2019,25-04-2019,The Greenwich Hotel,"2,345",9.5/10,129
24-04-2019,25-04-2019,Hotel Mulberry,"1,078",8.7/10,667
24-04-2019,25-04-2019,"6 Columbus, Central Park a Sixty Hotel","2,128",7.7/10,334
24-04-2019,25-04-2019,The Bowery Hotel,"2,146",9.1/10,607
24-04-2019,25-04-2019,Baccarat Hotel and Residences New York,"3,950",9.3/10,279
24-04-2019,25-04-2019,Holiday Inn Wall Street,848,8.1/10,493
24-04-2019,25-04-2019,Mandarin Oriental New York,"4,310",8.7/10,201
24-04-2019,25-04-2019,The Gregory,"1,263",7.9/10,"1,666"
24-04-2019,25-04-2019,The Franklin Hotel,979,7.0/10,777
24-04-2019,25-04-2019,138 Bowery,"1,065",6.6/10,15
24-04-2019,25-04-2019,Royalton Park Avenue,"1,216",8.6/10,"1,000"
24-04-2019,25-04-2019,Stewart Hotel,776,7.7/10,"4,077"
24-04-2019,25-04-2019,Andaz 5th Avenue-a concept by Hyatt,"1,456",8.7/10,542
24-04-2019,25-04-2019,Avalon Hotel,"1,420",8.4/10,"1,304"
24-04-2019,25-04-2019,Fifty Hotel & Suites by Affinia,"1,187",8.2/10,"1,182"
24-04-2019,25-04-2019,Renaissance New York Midtown Hotel,"1,475",8.9/10,924
24-04-2019,25-04-2019,The Sherry Netherland,"1,656",9.3/10,184
24-04-2019,25-04-2019,"The Renwick Hotel New York City, Curio Collection by Hilton","1,223",8.6/10,526
24-04-2019,25-04-2019,The Wall Street Inn,892,8.6/10,548
24-04-2019,25-04-2019,Courtyard by Marriott New York Manhattan / Soho,"1,511",8.7/10,151
24-04-2019,25-04-2019,Fitzpatrick Manhattan,"1,183",8.8/10,473
24-04-2019,25-04-2019,Clarion Hotel Park Avenue,826,7.6/10,184
24-04-2019,25-04-2019,Sago Hotel,"1,461",8.9/10,280
24-04-2019,25-04-2019,The Knickerbocker,"1,443",8.8/10,"1,690"
24-04-2019,25-04-2019,Macy Empire Apartments,928,7.4/10,319
24-04-2019,25-04-2019,Wyndham Midtown 45,"1,331",8.0/10,144
24-04-2019,25-04-2019,Refinery Hotel - New York,"1,295",8.8/10,506
24-04-2019,25-04-2019,The Whitby Hotel,"2,146",9.5/10,294
24-04-2019,25-04-2019,The Pearl Hotel,808,8.9/10,"1,328"
24-04-2019,25-04-2019,Viceroy Central Park New York,"3,098",7.8/10,971
24-04-2019,25-04-2019,The Westin New York Grand Central,"1,620",8.0/10,"1,079"
24-04-2019,25-04-2019,Hotel 48LEX New York,"1,187",8.4/10,889
24-04-2019,25-04-2019,Gardens Suites Hotel by Affinia,"1,569",8.5/10,420
24-04-2019,25-04-2019,Lowell Hotel,"2,741",9.2/10,30
24-04-2019,25-04-2019,AFFORDABLE LUXURY...Exclusive Living @ Its Best!,527,7.7/10,15
24-04-2019,25-04-2019,The Benjamin,"1,259",8.1/10,631
24-04-2019,25-04-2019,Interfaith East Village,595,8.2/10,45
24-04-2019,25-04-2019,PermaGO Wall Street,925,8.2/10,115
24-04-2019,25-04-2019,Sonder — Wall Street,"1,226",8.1/10,13
24-04-2019,25-04-2019,NY Away - The ideal Family & Friends 4 Bedrooms / 4 Bathrooms in Manhattan,"1,867",7.0/10,28
24-04-2019,25-04-2019,The Kimberly Hotel & Suites,"1,259",9.2/10,479
24-04-2019,25-04-2019,PermaGO FiDi,857,8.3/10,74
24-04-2019,25-04-2019,Gramercy Park Apartments,682,7.1/10,90
24-04-2019,25-04-2019,The James New York - SoHo,"1,349",8.1/10,382
24-04-2019,25-04-2019,Redford Hotel,776,6.8/10,348
24-04-2019,25-04-2019,"The Ritz-Carlton New York, Central Park","3,553",8.8/10,121
24-04-2019,25-04-2019,Hotel Elysee by Library Hotel Collection,"1,620",9.1/10,551
24-04-2019,25-04-2019,AC Hotel by Marriott New York Times Square,"1,403",8.9/10,152
24-04-2019,25-04-2019,Sonder — The Nash,826,8.9/10,10
24-04-2019,25-04-2019,The Harlem Cascades,307,8.2/10,44
24-04-2019,25-04-2019,Renaissance New York Hotel 57,"1,115",7.9/10,662
24-04-2019,25-04-2019,WestHouse Hotel New York,"1,224",8.1/10,571
24-04-2019,25-04-2019,Saint Nicholas Inn,483,8.1/10,171
24-04-2019,25-04-2019,Gild Hall - A Thompson Hotel,"1,259",9.0/10,798
24-04-2019,25-04-2019,San Carlos Hotel New York,"1,296",9.0/10,773
24-04-2019,25-04-2019,The Surrey,"2,074",8.5/10,211
24-04-2019,25-04-2019,"Staypineapple, an Artful Hotel New York",934,9.2/10,32
24-04-2019,25-04-2019,Bryant Park Hotel,"1,641",9.1/10,938
24-04-2019,25-04-2019,The Tuscany - A St Giles Signature Hotel,"1,162",8.8/10,493
24-04-2019,25-04-2019,AKA Tribeca,"1,212",8.6/10,398
24-04-2019,25-04-2019,3 West Club,"1,115",8.3/10,398
24-04-2019,25-04-2019,Crosby Street Hotel,"2,507",9.4/10,202
24-04-2019,25-04-2019,New York Marriott Downtown,"1,728",8.4/10,608
24-04-2019,25-04-2019,The Broome,"1,439",9.1/10,263
24-04-2019,25-04-2019,Incentra Village Hotel,996,8.0/10,152
24-04-2019,25-04-2019,Wyndham Garden Chinatown,984,8.1/10,369
24-04-2019,25-04-2019,HI NYC Hostel,325,8.4/10,"11,967"
24-04-2019,25-04-2019,Chelsea Cabins,505,7.4/10,"3,154"
24-04-2019,25-04-2019,Bowery Grand Hotel,289,5.0/10,"2,180"
24-04-2019,25-04-2019,Carlton Arms Hotel,988,7.3/10,"1,217"
24-04-2019,25-04-2019,Jazz on Columbus Circle Hostel,460,7.9/10,"3,590"
24-04-2019,25-04-2019,The Bowery House,570,6.5/10,"2,482"
25-04-2019,26-04-2019,The Roger,934,8.3/10,"1,091"
25-04-2019,26-04-2019,Hotel Pennsylvania,724,5.6/10,"40,690"
25-04-2019,26-04-2019,Amsterdam Court Hotel,750,7.3/10,"2,148"
25-04-2019,26-04-2019,DoubleTree by Hilton NYC - Financial District,792,7.8/10,"3,149"
25-04-2019,26-04-2019,DoubleTree by Hilton - Chelsea,909,7.8/10,"1,272"
25-04-2019,26-04-2019,"Martinique New York on Broadway, Curio Collection by Hilton",829,8.2/10,"7,917"
25-04-2019,26-04-2019,Hampton Inn Manhattan Grand Central,901,8.7/10,"2,338"
25-04-2019,26-04-2019,Broadway at Times Square Hotel,792,8.4/10,"3,081"
25-04-2019,26-04-2019,Cambria Hotel New York - Times Square,756,8.7/10,"3,876"
25-04-2019,26-04-2019,Days Hotel by Wyndham on Broadway NYC,513,6.6/10,"5,050"
25-04-2019,26-04-2019,The Watson Hotel,827,7.8/10,"12,300"
25-04-2019,26-04-2019,Broadway Plaza Hotel,973,8.5/10,649
25-04-2019,26-04-2019,DoubleTree by Hilton New York Times Square South,766,7.4/10,"1,291"
25-04-2019,26-04-2019,Westgate New York Grand Central,757,7.6/10,"1,612"
25-04-2019,26-04-2019,Hyatt Place New York/Midtown-South,"1,010",8.6/10,"3,637"
25-04-2019,26-04-2019,Soho Grand Hotel,"1,408",8.5/10,"1,605"
25-04-2019,26-04-2019,Citadines Connect Fifth Avenue New York,778,8.4/10,"1,419"
25-04-2019,26-04-2019,Hilton Times Square,792,8.4/10,"1,855"
25-04-2019,26-04-2019,The Harlem Pearl,597,9.0/10,68
25-04-2019,26-04-2019,The Jewel Facing Rockefeller Center,937,8.7/10,"1,222"
25-04-2019,26-04-2019,Grand Hyatt New York,792,7.7/10,"4,780"
25-04-2019,26-04-2019,Heritage Hotel New York City,702,7.2/10,"3,079"
25-04-2019,26-04-2019,The Hotel @ Fifth Avenue,883,8.0/10,"6,981"
25-04-2019,26-04-2019,The Hotel @ New York City,756,7.7/10,"3,891"
25-04-2019,26-04-2019,"Distrikt Hotel New York City, Tapestry Collection by Hilton",756,8.3/10,"1,452"
25-04-2019,26-04-2019,Hyatt Herald Square New York,"1,010",8.3/10,"1,669"
25-04-2019,26-04-2019,New York Hilton Midtown,"1,007",7.9/10,"3,810"
25-04-2019,26-04-2019,The Roxy Hotel Tribeca,"1,335",8.9/10,"1,228"
25-04-2019,26-04-2019,Hilton Garden Inn Times Square,966,8.3/10,"1,928"
25-04-2019,26-04-2019,"Hudson New York, Central Park",778,7.1/10,"11,559"
25-04-2019,26-04-2019,Club Quarters Hotel Midtown - Times Square,"1,082",8.3/10,"1,337"
25-04-2019,26-04-2019,The Hotel at Times Square,919,7.9/10,"7,817"
25-04-2019,26-04-2019,Homewood Suites Midtown Manhattan Times Square South,890,8.9/10,"2,009"
25-04-2019,26-04-2019,Radio City Apartments,720,8.6/10,"4,384"
25-04-2019,26-04-2019,Aloft Harlem,"1,154",8.4/10,783
25-04-2019,26-04-2019,"The Standard, High Line New York","2,008",8.3/10,"3,038"
25-04-2019,26-04-2019,Millennium Times Square New York,901,7.7/10,"3,597"
25-04-2019,26-04-2019,Hampton Inn Madison Square Garden,"1,010",8.7/10,"1,209"
25-04-2019,26-04-2019,Crowne Plaza Times Square,829,8.2/10,"7,168"
25-04-2019,26-04-2019,Night Hotel Times Square,756,7.5/10,"2,375"
25-04-2019,26-04-2019,"Hotel Shocard, New York",724,8.3/10,"1,707"
25-04-2019,26-04-2019,Holiday Inn Express - Times Square,680,7.8/10,"2,188"
25-04-2019,26-04-2019,City Club Hotel,"1,046",8.3/10,"1,127"
25-04-2019,26-04-2019,The Dominick Hotel,"1,719",8.6/10,"1,266"
25-04-2019,26-04-2019,Candlewood Suites NYC -Times Square,829,8.1/10,"2,424"
25-04-2019,26-04-2019,Harlem Lofts,543,8.9/10,131
25-04-2019,26-04-2019,Courtyard by Marriott New York Manhattan/Chelsea,829,8.6/10,893
25-04-2019,26-04-2019,Hotel 50 Bowery,"1,625",9.1/10,"2,402"
25-04-2019,26-04-2019,Holiday Inn Express - Times Square South,829,8.3/10,"2,397"
25-04-2019,26-04-2019,Courtyard by Marriott New York Manhattan/Central Park,"1,082",8.2/10,"5,889"
25-04-2019,26-04-2019,Park Central,"1,040",7.9/10,"4,695"
25-04-2019,26-04-2019,Paramount Hotel Times Square,616,6.8/10,"4,643"
25-04-2019,26-04-2019,Row NYC at Times Square,648,7.2/10,"11,323"
25-04-2019,26-04-2019,"The Lexington Hotel, Autograph Collection",832,8.1/10,"2,231"
25-04-2019,26-04-2019,The Gregory,"1,006",7.9/10,"1,665"
25-04-2019,26-04-2019,Hotel Belleclaire,721,7.9/10,"3,220"
25-04-2019,26-04-2019,The Redbury New York,"1,010",8.1/10,"3,047"
25-04-2019,26-04-2019,Freehand New York,"1,118",8.8/10,"1,125"
25-04-2019,26-04-2019,YOTEL New York Times Square,760,8.2/10,"4,388"
25-04-2019,26-04-2019,MOXY NYC Times Square,865,8.5/10,"5,602"
25-04-2019,26-04-2019,EVEN Hotel New York - Midtown East 44th,"1,046",8.6/10,"1,703"
25-04-2019,26-04-2019,The Marcel at Gramercy,973,8.3/10,"2,174"
25-04-2019,26-04-2019,Millennium Hilton New York Downtown,"1,227",8.3/10,"2,592"
25-04-2019,26-04-2019,The Time New York,937,8.2/10,"1,968"
25-04-2019,26-04-2019,The William,"1,212",8.8/10,611
25-04-2019,26-04-2019,Novotel New York Times Square,"1,082",8.4/10,"3,046"
25-04-2019,26-04-2019,"The Renwick Hotel New York City, Curio Collection by Hilton","1,082",8.6/10,524
25-04-2019,26-04-2019,"The New Yorker, A Wyndham Hotel",919,7.9/10,"8,233"
25-04-2019,26-04-2019,Econo Lodge Times Square,829,7.3/10,667
25-04-2019,26-04-2019,Hotel Stanford NYC,797,8.0/10,"3,521"
25-04-2019,26-04-2019,Midtown Convention Center Hotel NYC,666,6.5/10,"2,780"
25-04-2019,26-04-2019,"Park South, a Joie de Vivre Hotel","1,263",8.7/10,910
25-04-2019,26-04-2019,Hilton Garden Inn NYC Financial Center/Manhattan Downtown,876,8.8/10,"1,504"
25-04-2019,26-04-2019,Fairfield Inn by Marriott New York Manhattan/Financial District,720,8.3/10,"2,889"
25-04-2019,26-04-2019,Madison LES Hotel,814,7.8/10,253
25-04-2019,26-04-2019,The Skyline Hotel New York,829,8.0/10,"1,250"
25-04-2019,26-04-2019,CITY ROOMS NYC - Soho,557,8.1/10,"1,125"
25-04-2019,26-04-2019,The Assemblage John Street,"1,046",9.2/10,266
25-04-2019,26-04-2019,LUMA Hotel - Times Square,"1,285",9.2/10,"3,222"
25-04-2019,26-04-2019,Carnegie Hotel,"1,071",8.9/10,"1,515"
25-04-2019,26-04-2019,Hotel 50 Bowery,"1,625",9.1/10,"2,400"
25-04-2019,26-04-2019,NobleDEN Hotel,"1,073",9.1/10,952
25-04-2019,26-04-2019,EVEN Hotel New York Times Square South,973,9.0/10,987
25-04-2019,26-04-2019,Residence Inn by Marriott New York Manhattan/ Midtown Eastside,756,8.9/10,608
25-04-2019,26-04-2019,Gild Hall - A Thompson Hotel,"1,046",9.0/10,800
25-04-2019,26-04-2019,The Iroquois New York,"1,444",8.9/10,609
25-04-2019,26-04-2019,San Carlos Hotel New York,"1,058",9.0/10,772
25-04-2019,26-04-2019,Hotel Hayden New York,733,8.2/10,"1,208"
25-04-2019,26-04-2019,Cassa Hotel Times Square,993,7.9/10,"3,797"
25-04-2019,26-04-2019,Hotel 32 32,863,8.0/10,"1,025"
25-04-2019,26-04-2019,Cachet Boutique Hotel NYC,601,7.8/10,"1,064"
25-04-2019,26-04-2019,TRYP by Wyndham Times Square South,973,8.1/10,"2,725"
25-04-2019,26-04-2019,"Hotel Henri New York, A Wyndham Hotel",778,7.9/10,511
25-04-2019,26-04-2019,Empire Hotel,952,7.6/10,"3,722"
25-04-2019,26-04-2019,Dylan Hotel NYC,973,8.0/10,"1,316"
25-04-2019,26-04-2019,"LIFE Hotel, NoMad","1,082",8.1/10,"1,704"
25-04-2019,26-04-2019,Stewart Hotel,681,7.7/10,"4,068"
25-04-2019,26-04-2019,Fifty Hotel & Suites by Affinia,829,8.2/10,"1,181"
25-04-2019,26-04-2019,The Allen Hotel,850,8.5/10,959
25-04-2019,26-04-2019,"The Bernic Hotel New York City,Tapestry Collection by Hilton",901,8.6/10,"1,680"
25-04-2019,26-04-2019,Aloft Manhattan Downtown - Financial District,612,8.4/10,"1,263"
25-04-2019,26-04-2019,The Frederick Hotel,981,8.4/10,"1,521"
25-04-2019,26-04-2019,Club Quarters Hotel World Trade Center,901,8.6/10,"1,292"
25-04-2019,26-04-2019,Moderne Hotel,797,8.4/10,980
25-04-2019,26-04-2019,Hilton Garden Inn New York/Tribeca,"1,882",8.3/10,664
25-04-2019,26-04-2019,Ameritania at Times Square,735,8.3/10,"2,724"
25-04-2019,26-04-2019,Club Quarters Hotel Wall Street,829,8.4/10,"1,967"
25-04-2019,26-04-2019,Park Terrace Hotel on Bryant Park,"1,248",9.1/10,89
25-04-2019,26-04-2019,The Ridge Hotel,856,8.1/10,"1,309"
25-04-2019,26-04-2019,138 Bowery,692,6.6/10,15
25-04-2019,26-04-2019,Hotel Americano,995,8.0/10,241
25-04-2019,26-04-2019,Dream Downtown,"1,031",7.7/10,"1,512"
25-04-2019,26-04-2019,New York Marriott East Side,"1,408",7.7/10,227
25-04-2019,26-04-2019,W New York - Downtown,"1,012",8.0/10,389
25-04-2019,26-04-2019,Sixty LES,941,8.2/10,975
25-04-2019,26-04-2019,Renaissance New York Hotel 57,"1,118",7.9/10,662
25-04-2019,26-04-2019,Library Hotel by Library Hotel Collection,"1,723",9.3/10,432
25-04-2019,26-04-2019,Arlo NoMad,910,8.7/10,"3,052"
25-04-2019,26-04-2019,Arlo SoHo,"1,149",8.6/10,"3,715"
25-04-2019,26-04-2019,Residence Inn by Marriott New York Downtown Manhattan/World Trade Center Area,955,8.7/10,968
25-04-2019,26-04-2019,Hyatt Centric Times Square New York,"1,444",8.7/10,"4,272"
25-04-2019,26-04-2019,New York Marriott Downtown,"1,552",8.4/10,608
25-04-2019,26-04-2019,The Manhattan Club,808,8.5/10,955
25-04-2019,26-04-2019,Royalton New York,"1,137",8.3/10,839
25-04-2019,26-04-2019,The Evelyn,"1,010",8.9/10,288
25-04-2019,26-04-2019,Chambers Hotel,"1,124",8.7/10,985
25-04-2019,26-04-2019,The Wagner Hotel,"1,195",8.9/10,579
25-04-2019,26-04-2019,Park Lane Hotel - A Central Park Hotel,"1,013",7.6/10,"5,505"
25-04-2019,26-04-2019,Mr C Seaport,"1,104",8.9/10,94
25-04-2019,26-04-2019,Element Times Square West,720,7.9/10,"8,801"
25-04-2019,26-04-2019,Washington Jefferson at Times Square,829,7.7/10,"1,667"
25-04-2019,26-04-2019,Windsor Hotel,492,6.2/10,899
25-04-2019,26-04-2019,Americana Inn,792,7.5/10,"1,124"
25-04-2019,26-04-2019,Hilton Garden Inn New York/Midtown Park Avenue,742,8.5/10,"1,690"
25-04-2019,26-04-2019,Bryant Park Hotel,"2,189",9.1/10,936
25-04-2019,26-04-2019,Baccarat Hotel and Residences New York,"3,601",9.3/10,280
25-04-2019,26-04-2019,The James New York - SoHo,"1,053",8.1/10,381
25-04-2019,26-04-2019,The Benjamin,"1,484",8.1/10,630
25-04-2019,26-04-2019,Redford Hotel,576,6.8/10,345
25-04-2019,26-04-2019,Midtown West Hotel,694,6.9/10,"1,641"
25-04-2019,26-04-2019,Belnord Hotel,507,8.0/10,"3,861"
25-04-2019,26-04-2019,Hudson River Hotel,702,7.1/10,"1,486"
25-04-2019,26-04-2019,Hotel Marrakech on Broadway,579,6.8/10,"2,969"
25-04-2019,26-04-2019,Hotel Newton,507,7.9/10,"1,511"
25-04-2019,26-04-2019,Holiday Inn Express Manhattan Midtown West,677,7.7/10,325
25-04-2019,26-04-2019,SoHo Garden Hotel,787,7.8/10,"1,855"
25-04-2019,26-04-2019,Hotel Wolcott,724,8.0/10,"1,369"
25-04-2019,26-04-2019,Best Western Bowery Hanbee Hotel,"1,209",8.2/10,"1,061"
25-04-2019,26-04-2019,Parker New York,920,7.8/10,578
25-04-2019,26-04-2019,TownePlace Suites by Marriott New York Manhattan/Times Square,"1,082",8.8/10,90
25-04-2019,26-04-2019,Hilton Garden Inn New York Times Square South,"1,589",8.7/10,"1,932"
25-04-2019,26-04-2019,Hyatt House New York/Chelsea,901,8.8/10,"2,413"
25-04-2019,26-04-2019,Hilton Garden Inn New York Manhattan Midtown East,847,8.5/10,948
25-04-2019,26-04-2019,Fairfield Inn & Suites By Marriott New York Manhattan/Times Square,829,8.4/10,"4,220"
25-04-2019,26-04-2019,Mondrian Park Avenue,"1,176",8.4/10,524
25-04-2019,26-04-2019,Andaz Wall Street-a concept by Hyatt,901,8.7/10,676
25-04-2019,26-04-2019,NoMo SoHo,819,8.3/10,"1,840"
25-04-2019,26-04-2019,The Kimpton Muse Hotel,"1,191",8.8/10,712
25-04-2019,26-04-2019,Kimpton Hotel Eventi,"1,371",8.7/10,693
25-04-2019,26-04-2019,InterContinental New York Barclay Hotel,"1,697",8.7/10,"2,281"
25-04-2019,26-04-2019,Warwick New York,"1,357",8.3/10,"4,166"
25-04-2019,26-04-2019,3 West Club,889,8.3/10,398
25-04-2019,26-04-2019,The Marmara Manhattan,"1,219",8.5/10,246
25-04-2019,26-04-2019,Hotel Metro,620,8.4/10,769
25-04-2019,26-04-2019,"The Ritz-Carlton New York, Central Park","3,601",8.8/10,121
25-04-2019,26-04-2019,The Kimberly Hotel & Suites,"1,191",9.2/10,477
25-04-2019,26-04-2019,Hotel Elysee by Library Hotel Collection,"1,234",9.1/10,550
25-04-2019,26-04-2019,Holiday Inn Express - Wall Street,648,8.1/10,713
25-04-2019,26-04-2019,Courtyard by Marriott New York Downtown Manhattan/World Trade Center Area,829,8.5/10,"2,008"
25-04-2019,26-04-2019,Carvi Hotel New York,792,8.5/10,"1,148"
25-04-2019,26-04-2019,New York Marriott Marquis,"1,480",8.2/10,"2,280"
25-04-2019,26-04-2019,Comfort Inn Times Square West,756,8.1/10,636
25-04-2019,26-04-2019,Off SoHo Suites Hotel,901,7.9/10,492
25-04-2019,26-04-2019,Manhattan Broadway Hotel,612,6.6/10,"1,142"
25-04-2019,26-04-2019,Royalton Park Avenue,"1,169",8.6/10,"1,000"
25-04-2019,26-04-2019,Sofitel New York,"2,349",8.6/10,"1,240"
25-04-2019,26-04-2019,Michelangelo Hotel,"1,809",8.8/10,661
25-04-2019,26-04-2019,Gardens Suites Hotel by Affinia,"1,639",8.5/10,419
25-04-2019,26-04-2019,"The Algonquin Hotel Times Square, Autograph Collection","1,299",8.7/10,132
25-04-2019,26-04-2019,"The Beekman, a Thompson Hotel","1,552",9.2/10,"2,502"
25-04-2019,26-04-2019,The Whitby Hotel,"2,153",9.5/10,295
25-04-2019,26-04-2019,Four Seasons Hotel New York Downtown,"2,316",9.3/10,290
25-04-2019,26-04-2019,The London NYC,"1,773",8.1/10,"1,119"
25-04-2019,26-04-2019,Hampton Inn Times Square Central,829,8.9/10,"2,239"
25-04-2019,26-04-2019,The Gatsby Hotel,937,7.8/10,320
25-04-2019,26-04-2019,Chelsea Savoy,959,7.8/10,259
25-04-2019,26-04-2019,Orchard Street Hotel,792,8.3/10,"1,179"
25-04-2019,26-04-2019,Pod 39,868,8.2/10,"6,969"
25-04-2019,26-04-2019,La Quinta by Wyndham New York City Central Park,720,7.6/10,"3,400"
25-04-2019,26-04-2019,Hampton Inn Seaport Financial District,"1,299",8.3/10,401
25-04-2019,26-04-2019,Amsterdam Court Hotel,750,7.3/10,"2,145"
25-04-2019,26-04-2019,Four Points by Sheraton Manhattan SoHo Village,865,8.1/10,"1,195"
25-04-2019,26-04-2019,Holiday Inn Wall Street,669,8.1/10,493
25-04-2019,26-04-2019,The Maritime Hotel,"1,086",8.9/10,605
25-04-2019,26-04-2019,Wyndham Garden Chinatown,"1,204",8.1/10,368
25-04-2019,26-04-2019,"6 Columbus, Central Park a Sixty Hotel","1,126",7.7/10,335
25-04-2019,26-04-2019,Holiday Inn New York City - Times Square,973,8.3/10,849
25-04-2019,26-04-2019,Lex Hotel NYC,"1,010",8.7/10,283
25-04-2019,26-04-2019,Hilton Garden Inn Times Square Central,818,8.3/10,"1,223"
25-04-2019,26-04-2019,Best Western Premier Herald Square,688,8.6/10,"1,272"
25-04-2019,26-04-2019,Hotel Mulberry,937,8.7/10,666
25-04-2019,26-04-2019,Hampton Inn Manhattan-35th Street/Empire State Building,792,8.6/10,"1,457"
25-04-2019,26-04-2019,Hampton Inn Manhattan - Times Square South,811,8.4/10,"1,449"
25-04-2019,26-04-2019,Room Mate Grace Boutique Hotel,792,8.7/10,"1,932"
25-04-2019,26-04-2019,Hampton Inn Manhattan Chelsea,865,8.5/10,828
25-04-2019,26-04-2019,Sohotel,973,8.4/10,"1,929"
25-04-2019,26-04-2019,Hotel Mimosa,676,8.5/10,900
25-04-2019,26-04-2019,Hampton Inn Manhattan-Times Square North,868,8.3/10,"1,625"
25-04-2019,26-04-2019,Four Points by Sheraton Manhattan Chelsea,973,8.2/10,"1,404"
25-04-2019,26-04-2019,City Club Hotel,973,8.3/10,"1,126"
25-04-2019,26-04-2019,Duane Street Hotel Tribeca,909,8.6/10,320
25-04-2019,26-04-2019,The Tuscany - A St Giles Signature Hotel,"1,217",8.8/10,492
25-04-2019,26-04-2019,Hotel Hugo,"1,263",8.1/10,"1,077"
25-04-2019,26-04-2019,The Gotham Hotel,"1,082",8.1/10,513
25-04-2019,26-04-2019,Wyndham Midtown 45,"1,335",8.0/10,144
25-04-2019,26-04-2019,Fitzpatrick Grand Central,825,9.0/10,606
25-04-2019,26-04-2019,The James New York - NoMad,982,8.6/10,568
25-04-2019,26-04-2019,Bryant Park Hotel,"2,189",9.1/10,933
25-04-2019,26-04-2019,Casablanca Hotel by Library Hotel Collection,"1,169",9.4/10,512
25-04-2019,26-04-2019,The Greenwich Hotel,"2,352",9.5/10,129
25-04-2019,26-04-2019,The Knickerbocker,"1,361",8.8/10,"1,691"
25-04-2019,26-04-2019,138 Bowery,692,6.7/10,16
25-04-2019,26-04-2019,AKA Tribeca,892,8.6/10,397
25-04-2019,26-04-2019,The Sherry Netherland,"1,661",9.3/10,184
25-04-2019,26-04-2019,Chelsea Pines Inn,"1,100",8.3/10,"1,012"
25-04-2019,26-04-2019,Huge 2 Bed 2 Bath Apartment in Building with Elevator,901,7.7/10,22
25-04-2019,26-04-2019,Stewart Hotel,681,7.7/10,"4,053"
25-04-2019,26-04-2019,Courtyard by Marriott New York Manhattan / Soho,"1,263",8.7/10,151
25-04-2019,26-04-2019,The Wall Street Inn,837,8.7/10,549
25-04-2019,26-04-2019,Refinery Hotel - New York,"1,806",8.8/10,505
25-04-2019,26-04-2019,Renaissance New York Times Square Hotel,"1,191",8.4/10,330
25-04-2019,26-04-2019,The Plaza,"2,967",8.5/10,521
25-04-2019,26-04-2019,"The Chatwal, a Luxury Collection Hotel, New York City","2,443",8.9/10,107
25-04-2019,26-04-2019,Hotel 48LEX New York,901,8.4/10,887
25-04-2019,26-04-2019,AFFORDABLE LUXURY...Exclusive Living @ Its Best!,528,7.7/10,15
25-04-2019,26-04-2019,Mandarin Oriental New York,"3,962",8.7/10,201
25-04-2019,26-04-2019,Hampton Inn Seaport Financial District,"1,299",8.3/10,402
25-04-2019,26-04-2019,W New York - Union Square,"1,950",8.4/10,175
25-04-2019,26-04-2019,The Pearl Hotel,876,8.9/10,"1,326"
25-04-2019,26-04-2019,The High Line Hotel,"1,596",8.4/10,224
25-04-2019,26-04-2019,Sonder — Wall Street,532,8.2/10,14
25-04-2019,26-04-2019,Sonder — Wall Street,532,8.0/10,15
25-04-2019,26-04-2019,AC Hotel by Marriott New York Times Square,"1,046",8.9/10,152
25-04-2019,26-04-2019,Sonder — The Nash,796,8.9/10,10
25-04-2019,26-04-2019,Lowell Hotel,"2,750",9.2/10,31
25-04-2019,26-04-2019,Best Western Plus Hospitality House Suites,"1,046",8.6/10,667
25-04-2019,26-04-2019,WestHouse Hotel New York,818,8.1/10,569
25-04-2019,26-04-2019,Viceroy Central Park New York,"1,335",7.8/10,970
25-04-2019,26-04-2019,The Surrey,"2,081",8.5/10,211
25-04-2019,26-04-2019,Hilton Club New York,"1,411",8.6/10,22
25-04-2019,26-04-2019,Midtown Two Bedroom Apartment - Central Park,"1,010",6.5/10,20
25-04-2019,26-04-2019,The Broome,"1,263",9.1/10,263
25-04-2019,26-04-2019,Incentra Village Hotel,"1,122",8.0/10,152
25-04-2019,26-04-2019,HI NYC Hostel,492,8.4/10,"11,967"
25-04-2019,26-04-2019,The Bowery House,572,6.5/10,"2,481"
25-04-2019,26-04-2019,Jazz on Columbus Circle Hostel,231,7.9/10,"3,594"
26-04-2019,27-04-2019,Hotel Pennsylvania,690,5.6/10,"40,657"
26-04-2019,27-04-2019,DoubleTree by Hilton - Chelsea,604,7.8/10,"1,269"
26-04-2019,27-04-2019,"Martinique New York on Broadway, Curio Collection by Hilton",650,8.2/10,"7,922"
26-04-2019,27-04-2019,Amsterdam Court Hotel,752,7.3/10,"2,145"
26-04-2019,27-04-2019,Night Hotel Times Square,795,7.5/10,"2,373"
26-04-2019,27-04-2019,Hilton Garden Inn West 35th Street,969,8.6/10,"2,090"
26-04-2019,27-04-2019,DoubleTree by Hilton NYC - Financial District,723,7.8/10,"3,147"
26-04-2019,27-04-2019,Broadway at Times Square Hotel,795,8.4/10,"3,082"
26-04-2019,27-04-2019,Cambria Hotel New York - Times Square,940,8.7/10,"3,872"
26-04-2019,27-04-2019,Heritage Hotel New York City,922,7.2/10,"3,069"
26-04-2019,27-04-2019,Holiday Inn Express - Times Square,904,7.8/10,"2,189"
26-04-2019,27-04-2019,Broadway Plaza Hotel,614,8.5/10,648
26-04-2019,27-04-2019,Grand Hyatt New York,"1,158",7.7/10,"4,763"
26-04-2019,27-04-2019,Soho Grand Hotel,868,8.5/10,"1,605"
26-04-2019,27-04-2019,Westgate New York Grand Central,862,7.6/10,"1,612"
26-04-2019,27-04-2019,The Watson Hotel,830,7.8/10,"12,290"
26-04-2019,27-04-2019,"Night Hotel Theater District, Times Square","1,013",7.9/10,575
26-04-2019,27-04-2019,New York Hilton Midtown,904,7.9/10,"3,801"
26-04-2019,27-04-2019,The Hotel @ Fifth Avenue,723,8.0/10,"6,971"
26-04-2019,27-04-2019,The Harlem Pearl,690,9.0/10,68
26-04-2019,27-04-2019,Millennium Times Square New York,831,7.7/10,"3,596"
26-04-2019,27-04-2019,The Hotel at Times Square,723,7.9/10,"7,808"
26-04-2019,27-04-2019,Hotel Boutique at Grand Central,868,8.7/10,"2,081"
26-04-2019,27-04-2019,Cambria Hotel New York - Chelsea,723,8.8/10,"1,415"
26-04-2019,27-04-2019,World Center Hotel,650,8.6/10,"3,369"
26-04-2019,27-04-2019,"The Standard, High Line New York","1,144",8.3/10,"3,034"
26-04-2019,27-04-2019,Eurostars Wall Street,726,8.1/10,906
26-04-2019,27-04-2019,Days Hotel by Wyndham on Broadway NYC,596,6.6/10,"5,043"
26-04-2019,27-04-2019,Hampton Inn Madison Square Garden,723,8.7/10,"1,213"
26-04-2019,27-04-2019,Holiday Inn Express - Times Square South,759,8.3/10,"2,395"
26-04-2019,27-04-2019,Gansevoort Meatpacking,899,8.3/10,"1,665"
26-04-2019,27-04-2019,1 Hotel Central Park,"1,756",8.9/10,"1,273"
26-04-2019,27-04-2019,"Hotel Shocard, New York",762,8.3/10,"1,707"
26-04-2019,27-04-2019,City Club Hotel,831,8.3/10,"1,126"
26-04-2019,27-04-2019,Hotel Edison Times Square,781,7.6/10,"12,533"
26-04-2019,27-04-2019,The Hotel @ New York City,723,7.7/10,"3,890"
26-04-2019,27-04-2019,Hotel Wales,"1,046",8.1/10,932
26-04-2019,27-04-2019,Ace Hotel New York,831,8.4/10,"1,556"
26-04-2019,27-04-2019,The Standard - East Village,"1,362",8.8/10,816
26-04-2019,27-04-2019,Courtyard by Marriott New York Manhattan/Central Park,977,8.2/10,"5,888"
26-04-2019,27-04-2019,The Dominick Hotel,"1,725",8.6/10,"1,263"
26-04-2019,27-04-2019,Hilton Times Square,795,8.4/10,"1,854"
26-04-2019,27-04-2019,Wellington Hotel,723,7.8/10,"6,681"
26-04-2019,27-04-2019,Hampton Inn Manhattan Grand Central,723,8.7/10,"2,335"
26-04-2019,27-04-2019,Courtyard by Marriott New York Manhattan/Chelsea,940,8.6/10,892
26-04-2019,27-04-2019,The Redbury New York,904,8.1/10,"3,040"
26-04-2019,27-04-2019,SoHo 54,520,8.0/10,614
26-04-2019,27-04-2019,"The New Yorker, A Wyndham Hotel",614,7.9/10,"8,228"
26-04-2019,27-04-2019,Lord & Moris - Times Square Hotel,614,7.8/10,713
26-04-2019,27-04-2019,Hyatt Herald Square New York,"1,158",8.3/10,"1,669"
26-04-2019,27-04-2019,The Marcel at Gramercy,868,8.3/10,"2,176"
26-04-2019,27-04-2019,Nolitan Hotel SoHo - New York,811,8.6/10,799
26-04-2019,27-04-2019,Club Quarters Hotel Wall Street,904,8.4/10,"1,968"
26-04-2019,27-04-2019,Warwick New York,"1,253",8.3/10,"4,166"
26-04-2019,27-04-2019,The Allen Hotel,817,8.5/10,962
26-04-2019,27-04-2019,Hampton Inn Manhattan-35th Street/Empire State Building,795,8.6/10,"1,455"
26-04-2019,27-04-2019,Aloft Manhattan Downtown - Financial District,723,8.4/10,"1,256"
26-04-2019,27-04-2019,Flatiron Hotel,686,7.2/10,578
26-04-2019,27-04-2019,Arlo SoHo,869,8.6/10,"3,708"
26-04-2019,27-04-2019,Westin New York at Times Square,"1,086",8.0/10,"1,266"
26-04-2019,27-04-2019,Hilton Garden Inn New York Manhattan Midtown East,723,8.5/10,946
26-04-2019,27-04-2019,Bentley Hotel,651,7.9/10,"1,856"
26-04-2019,27-04-2019,"LIFE Hotel, NoMad",904,8.1/10,"1,701"
26-04-2019,27-04-2019,Hyatt House New York/Chelsea,741,8.8/10,"2,414"
26-04-2019,27-04-2019,Holiday Inn New York City - Times Square,"1,231",8.3/10,849
26-04-2019,27-04-2019,Best Western Premier Herald Square,944,8.6/10,"1,272"
26-04-2019,27-04-2019,Hotel 50 Bowery,"1,195",9.1/10,"2,411"
26-04-2019,27-04-2019,The Gatsby Hotel,940,7.8/10,320
26-04-2019,27-04-2019,Hampton Inn Manhattan - Times Square South,741,8.4/10,"1,450"
26-04-2019,27-04-2019,Arlo NoMad,804,8.7/10,"3,042"
26-04-2019,27-04-2019,The Jewel Facing Rockefeller Center,831,8.7/10,"1,224"
26-04-2019,27-04-2019,Sofitel New York,795,8.6/10,"1,240"
26-04-2019,27-04-2019,Hyatt Centric Times Square New York,977,8.7/10,"4,272"
26-04-2019,27-04-2019,Hilton Garden Inn New York Times Square South,661,8.7/10,"1,940"
26-04-2019,27-04-2019,Orchard Street Hotel,977,8.2/10,"1,175"
26-04-2019,27-04-2019,Empire Hotel,723,7.6/10,"3,720"
26-04-2019,27-04-2019,The Manhattan Club,"1,086",8.5/10,960
26-04-2019,27-04-2019,Homewood Suites Midtown Manhattan Times Square South,969,8.9/10,"2,002"
26-04-2019,27-04-2019,Sheraton Tribeca New York Hotel,795,8.1/10,"2,528"
26-04-2019,27-04-2019,Novotel New York Times Square,"1,140",8.4/10,"3,046"
26-04-2019,27-04-2019,citizenM New York Bowery,"1,031",9.3/10,883
26-04-2019,27-04-2019,Trump International New York,"2,083",8.9/10,889
26-04-2019,27-04-2019,New York Marriott Marquis,"1,303",8.2/10,"2,285"
26-04-2019,27-04-2019,Holiday Inn Manhattan Financial District,650,8.2/10,"2,421"
26-04-2019,27-04-2019,Four Points by Sheraton New York Downtown,"1,086",8.0/10,"3,415"
26-04-2019,27-04-2019,Staybridge Suites - Times Square - New York City,904,8.1/10,"3,176"
26-04-2019,27-04-2019,The Roxy Hotel Tribeca,940,8.9/10,"1,226"
26-04-2019,27-04-2019,Millennium Hilton New York One UN Plaza,868,8.4/10,"3,956"
26-04-2019,27-04-2019,AC Hotel by Marriott New York Downtown,795,8.9/10,290
26-04-2019,27-04-2019,Andaz Wall Street-a concept by Hyatt,723,8.7/10,675
26-04-2019,27-04-2019,citizenM New York Times Square,868,9.2/10,"5,205"
26-04-2019,27-04-2019,Hampton Inn Manhattan Chelsea,723,8.5/10,828
26-04-2019,27-04-2019,"The Paul Hotel NYC-Chelsea, an Ascend Hotel Collection Member",759,7.9/10,"1,348"
26-04-2019,27-04-2019,Candlewood Suites NYC -Times Square,977,8.1/10,"2,423"
26-04-2019,27-04-2019,U Hotel Fifth Avenue,759,8.3/10,"1,553"
26-04-2019,27-04-2019,Kimpton Ink48 Hotel,859,8.7/10,644
26-04-2019,27-04-2019,Courtyard by Marriott New York Downtown Manhattan/World Trade Center Area,759,8.5/10,"1,995"
26-04-2019,27-04-2019,Hilton Garden Inn Times Square,857,8.3/10,"1,931"
26-04-2019,27-04-2019,The Gallivant Times Square,635,7.3/10,"5,763"
26-04-2019,27-04-2019,"Distrikt Hotel New York City, Tapestry Collection by Hilton",650,8.3/10,"1,454"
26-04-2019,27-04-2019,MOXY NYC Times Square,759,8.5/10,"5,621"
26-04-2019,27-04-2019,MADE Hotel,817,9.0/10,"1,904"
26-04-2019,27-04-2019,"The Langham, New York, Fifth Avenue","1,387",9.2/10,"1,098"
26-04-2019,27-04-2019,Club Quarters Hotel Midtown - Times Square,868,8.3/10,"1,337"
26-04-2019,27-04-2019,Holiday Inn Express New York City Chelsea,795,8.2/10,"2,327"
26-04-2019,27-04-2019,Hampton Inn Manhattan-Times Square North,690,8.3/10,"1,627"
26-04-2019,27-04-2019,Concorde Hotel New York,"1,014",9.0/10,849
26-04-2019,27-04-2019,The Mercer,"2,523",9.0/10,247
26-04-2019,27-04-2019,La Quinta by Wyndham New York City Central Park,650,7.6/10,"3,397"
26-04-2019,27-04-2019,Hotel Indigo Lower East Side,868,8.6/10,"1,167"
26-04-2019,27-04-2019,Solita Soho Hotel,650,7.8/10,661
26-04-2019,27-04-2019,The Roosevelt Hotel,811,7.1/10,"1,179"
26-04-2019,27-04-2019,Moxy NYC Downtown,977,8.8/10,328
26-04-2019,27-04-2019,Pod 39,795,8.2/10,"6,955"
26-04-2019,27-04-2019,Aliz Hotel Times Square,879,8.5/10,"1,260"
26-04-2019,27-04-2019,Fairfield Inn & Suites by Marriott New York Midtown Manhattan/Penn Station,741,8.5/10,898
26-04-2019,27-04-2019,InterContinental New York Barclay Hotel,"1,195",8.7/10,"2,276"
26-04-2019,27-04-2019,The Roger,843,8.3/10,"1,089"
26-04-2019,27-04-2019,The Time New York,759,8.2/10,"1,970"
26-04-2019,27-04-2019,The Assemblage John Street,"1,122",9.2/10,266
26-04-2019,27-04-2019,Best Western Bowery Hanbee Hotel,886,8.2/10,"1,065"
26-04-2019,27-04-2019,The Evelyn,868,8.9/10,289
26-04-2019,27-04-2019,The New York EDITION,"1,398",8.9/10,642
26-04-2019,27-04-2019,"The Pierre, A Taj Hotel, New York","2,160",8.9/10,406
26-04-2019,27-04-2019,Chambers Hotel,"1,065",8.7/10,980
26-04-2019,27-04-2019,DoubleTree by Hilton Metropolitan New York City,723,7.7/10,"3,511"
26-04-2019,27-04-2019,HGU New York,995,8.6/10,"1,630"
26-04-2019,27-04-2019,"Park South, a Joie de Vivre Hotel",977,8.7/10,905
26-04-2019,27-04-2019,Hilton Garden Inn Central Park South,759,8.3/10,"3,710"
26-04-2019,27-04-2019,Dream Downtown,776,7.7/10,"1,511"
26-04-2019,27-04-2019,TRYP by Wyndham Times Square South,904,8.1/10,"2,721"
26-04-2019,27-04-2019,Hotel 32 32,686,8.0/10,"1,025"
26-04-2019,27-04-2019,Hilton Garden Inn New York/Tribeca,712,8.3/10,662
26-04-2019,27-04-2019,The NoMad Hotel,"1,002",9.0/10,656
26-04-2019,27-04-2019,The London NYC,"1,688",8.1/10,"1,118"
26-04-2019,27-04-2019,SpringHill Suites by Marriott New York Midtown Manhattan/Fifth Avenue,"1,013",8.5/10,539
26-04-2019,27-04-2019,Walker Hotel Greenwich Village,"1,253",8.4/10,792
26-04-2019,27-04-2019,Washington Jefferson at Times Square,723,7.7/10,"1,670"
26-04-2019,27-04-2019,Four Points by Sheraton Manhattan SoHo Village,614,8.1/10,"1,195"
26-04-2019,27-04-2019,TownePlace Suites by Marriott New York Manhattan/Times Square,"1,158",8.8/10,90
26-04-2019,27-04-2019,Cassa Hotel Times Square,917,7.9/10,"3,791"
26-04-2019,27-04-2019,Holiday Inn Manhattan 6th Ave - Chelsea,614,7.5/10,"1,637"
26-04-2019,27-04-2019,The Quin Central Park by Hilton Club,"1,412",8.8/10,"1,512"
26-04-2019,27-04-2019,Cachet Boutique Hotel NYC,603,7.8/10,"1,062"
26-04-2019,27-04-2019,Executive Hotel Le Soleil New York,723,8.5/10,"2,631"
26-04-2019,27-04-2019,Sheraton New York Times Square Hotel,"1,013",7.6/10,"1,907"
26-04-2019,27-04-2019,Park Terrace Hotel on Bryant Park,"1,035",9.1/10,88
26-04-2019,27-04-2019,Room Mate Grace Boutique Hotel,795,8.7/10,"1,934"
26-04-2019,27-04-2019,Four Seasons Hotel New York Downtown,"2,342",9.3/10,290
26-04-2019,27-04-2019,Fairfield Inn & Suites By Marriott New York Manhattan/Times Square,723,8.4/10,"4,221"
26-04-2019,27-04-2019,LUMA Hotel - Times Square,998,9.2/10,"3,227"
26-04-2019,27-04-2019,Sixty LES,"1,071",8.2/10,973
26-04-2019,27-04-2019,W New York - Times Square,"1,135",7.9/10,"1,737"
26-04-2019,27-04-2019,Sohotel,940,8.4/10,"1,929"
26-04-2019,27-04-2019,Hotel Hugo,959,8.1/10,"1,077"
26-04-2019,27-04-2019,The Frederick Hotel,781,8.4/10,"1,518"
26-04-2019,27-04-2019,Kimpton Hotel Eventi,"1,020",8.7/10,692
26-04-2019,27-04-2019,Courtyard New York Manhattan/Times Square,"1,086",8.4/10,"1,283"
26-04-2019,27-04-2019,"The Beekman, a Thompson Hotel","1,489",9.2/10,"2,502"
26-04-2019,27-04-2019,SIXTY SoHo,998,8.7/10,901
26-04-2019,27-04-2019,The Peninsula New York,"2,705",8.8/10,295
26-04-2019,27-04-2019,Loews Regency New York Hotel,"1,667",8.8/10,475
26-04-2019,27-04-2019,11 Howard,846,8.3/10,684
26-04-2019,27-04-2019,"Hotel Henri New York, A Wyndham Hotel",585,7.9/10,510
26-04-2019,27-04-2019,Iberostar 70 Park Avenue,"1,521",8.3/10,"1,653"
26-04-2019,27-04-2019,Pod Times Square,723,8.6/10,"10,909"
26-04-2019,27-04-2019,Moderne Hotel,799,8.4/10,982
26-04-2019,27-04-2019,Freehand New York,940,8.8/10,"1,125"
26-04-2019,27-04-2019,The Kitano Hotel New York,"1,389",8.7/10,835
26-04-2019,27-04-2019,Hyatt Union Square New York,940,8.7/10,501
26-04-2019,27-04-2019,Hilton New York Fashion District,738,8.2/10,"1,323"
26-04-2019,27-04-2019,Dylan Hotel NYC,781,8.0/10,"1,313"
26-04-2019,27-04-2019,Courtyard by Marriott New York Manhattan/Herald Square,868,8.6/10,700
26-04-2019,27-04-2019,"The Bernic Hotel New York City,Tapestry Collection by Hilton",650,8.6/10,"1,675"
26-04-2019,27-04-2019,The Iroquois New York,"1,049",8.9/10,607
26-04-2019,27-04-2019,Hotel on Rivington,773,8.5/10,775
26-04-2019,27-04-2019,The Mark New York,"2,886",9.0/10,263
26-04-2019,27-04-2019,Mr C Seaport,"1,107",8.9/10,94
26-04-2019,27-04-2019,Gramercy Park Hotel,"1,376",8.4/10,327
26-04-2019,27-04-2019,Vanderbilt YMCA,526,7.3/10,"5,626"
26-04-2019,27-04-2019,Times Square EDITION,"1,340",9.7/10,6
26-04-2019,27-04-2019,West Side YMCA,545,7.3/10,"6,276"
26-04-2019,27-04-2019,Travel Inn - Midtown Manhattan,654,7.8/10,"1,582"
26-04-2019,27-04-2019,Four Points by Sheraton Manhattan Chelsea,831,8.2/10,"1,404"
26-04-2019,27-04-2019,Comfort Inn Times Square West,704,8.1/10,636
26-04-2019,27-04-2019,Mondrian Park Avenue,998,8.4/10,530
26-04-2019,27-04-2019,Crowne Plaza HY36 Midtown Manhattan,904,8.7/10,680
26-04-2019,27-04-2019,CITY ROOMS NYC - Soho,668,8.1/10,"1,123"
26-04-2019,27-04-2019,The Ridge Hotel,841,8.1/10,"1,308"
26-04-2019,27-04-2019,Americana Inn,795,7.5/10,"1,122"
26-04-2019,27-04-2019,Pod 51,614,7.9/10,"7,558"
26-04-2019,27-04-2019,Row NYC at Times Square,723,7.2/10,"11,300"
26-04-2019,27-04-2019,Belnord Hotel,635,8.0/10,"3,855"
26-04-2019,27-04-2019,The Skyline Hotel New York,868,8.0/10,"1,250"
26-04-2019,27-04-2019,Park West Hotel,557,6.7/10,"1,176"
26-04-2019,27-04-2019,Hudson River Hotel,632,7.0/10,"1,477"
26-04-2019,27-04-2019,Hotel Mela Times Square,795,7.9/10,"1,236"
26-04-2019,27-04-2019,Edge Hotel Washington Heights,"1,049",8.6/10,341
26-04-2019,27-04-2019,SoHo Garden Hotel,"1,269",7.8/10,"1,853"
26-04-2019,27-04-2019,Hotel Marrakech on Broadway,795,6.8/10,"2,971"
26-04-2019,27-04-2019,CITY ROOMS NYC - Chelsea,559,8.1/10,826
26-04-2019,27-04-2019,The Manhattan at Times Square,972,6.8/10,"6,349"
26-04-2019,27-04-2019,The Maxwell New York City,"1,049",7.9/10,"1,194"
26-04-2019,27-04-2019,Hotel Newton,654,7.9/10,"1,508"
26-04-2019,27-04-2019,Hotel St. James,"1,031",8.1/10,855
26-04-2019,27-04-2019,YOTEL New York Times Square,624,8.2/10,"4,392"
26-04-2019,27-04-2019,Manhattan Broadway Hotel,614,6.6/10,"1,142"
26-04-2019,27-04-2019,Shoreham Hotel,940,7.6/10,"1,475"
26-04-2019,27-04-2019,The GEM Hotel - Chelsea,904,7.7/10,"1,737"
26-04-2019,27-04-2019,Canal Loft Hostel & Hotel,908,7.7/10,723
26-04-2019,27-04-2019,Hotel Stanford NYC,738,8.0/10,"3,518"
26-04-2019,27-04-2019,Tier31 by ABRIKIM,"1,086",7.9/10,89
26-04-2019,27-04-2019,Econo Lodge Times Square,723,7.3/10,668
26-04-2019,27-04-2019,Wyndham Midtown 45,"1,231",8.0/10,144
26-04-2019,27-04-2019,Carnegie Hotel,"1,009",8.9/10,"1,513"
26-04-2019,27-04-2019,The Marlton Hotel,"1,362",8.6/10,"1,328"
26-04-2019,27-04-2019,Fifty Hotel & Suites by Affinia,904,8.2/10,"1,177"
26-04-2019,27-04-2019,Windsor Hotel,610,6.2/10,899
26-04-2019,27-04-2019,Lex Hotel NYC,904,8.7/10,283
26-04-2019,27-04-2019,Hotel Beacon,"1,594",8.9/10,"2,634"
26-04-2019,27-04-2019,Chelsea Savoy,853,7.8/10,259
26-04-2019,27-04-2019,NobleDEN Hotel,"1,003",9.1/10,953
26-04-2019,27-04-2019,Harlem Lodge,327,8.5/10,39
26-04-2019,27-04-2019,Michelangelo Hotel,"1,380",8.8/10,661
26-04-2019,27-04-2019,The Grand NYC Apartments,343,5.9/10,244
26-04-2019,27-04-2019,Holiday Inn Express - Wall Street,759,8.1/10,713
26-04-2019,27-04-2019,Madison LES Hotel,726,7.8/10,255
26-04-2019,27-04-2019,Park Lane Hotel - A Central Park Hotel,944,7.6/10,"5,497"
26-04-2019,27-04-2019,Park Central,596,7.9/10,"4,696"
26-04-2019,27-04-2019,American Dream,577,8.5/10,19
26-04-2019,27-04-2019,The Bowery Hotel,"2,160",9.1/10,603
26-04-2019,27-04-2019,Millennium Hilton New York Downtown,650,8.3/10,"2,590"
26-04-2019,27-04-2019,The Marmara Manhattan,"1,224",8.5/10,246
26-04-2019,27-04-2019,Hotel 91,871,7.5/10,"1,586"
26-04-2019,27-04-2019,Hotel Metro,868,8.4/10,767
26-04-2019,27-04-2019,Hotel Americano,890,8.0/10,240
26-04-2019,27-04-2019,Off SoHo Suites Hotel,904,7.9/10,492
26-04-2019,27-04-2019,W New York - Downtown,"1,231",8.1/10,386
26-04-2019,27-04-2019,Millennium Premier New York Times Square,744,8.2/10,724
26-04-2019,27-04-2019,Duane Street Hotel Tribeca,748,8.6/10,319
26-04-2019,27-04-2019,Sister City New York,927,8.9/10,17
26-04-2019,27-04-2019,Royalton New York,650,8.2/10,831
26-04-2019,27-04-2019,Fitzpatrick Grand Central,646,9.0/10,604
26-04-2019,27-04-2019,The Plaza,"2,886",8.5/10,521
26-04-2019,27-04-2019,Casablanca Hotel by Library Hotel Collection,977,9.4/10,512
26-04-2019,27-04-2019,Bryant Park Hotel,"1,071",9.1/10,934
26-04-2019,27-04-2019,Parker New York,830,7.8/10,580
26-04-2019,27-04-2019,The Harlem Getaway,545,7.8/10,12
26-04-2019,27-04-2019,Blue Moon Boutique Hostel & Hotel,944,7.7/10,"1,590"
26-04-2019,27-04-2019,Hotel Wolcott,726,8.0/10,"1,369"
26-04-2019,27-04-2019,NoMo SoHo,853,8.2/10,"1,838"
26-04-2019,27-04-2019,The Gregory,650,7.9/10,"1,663"
26-04-2019,27-04-2019,The Sherry Netherland,"1,667",9.3/10,184
26-04-2019,27-04-2019,138 Bowery,723,6.7/10,16
26-04-2019,27-04-2019,Fitzpatrick Manhattan,937,8.8/10,471
26-04-2019,27-04-2019,Shelburne Hotel & Suites by Affinia,700,8.1/10,600
26-04-2019,27-04-2019,Chelsea Pines Inn,"1,140",8.3/10,"1,011"
26-04-2019,27-04-2019,Royal Park Hotel & Hostel,522,6.8/10,"1,490"
26-04-2019,27-04-2019,Royalton Park Avenue,766,8.6/10,999
26-04-2019,27-04-2019,Refinery Hotel - New York,"1,340",8.8/10,505
26-04-2019,27-04-2019,The Wall Street Inn,650,8.7/10,549
26-04-2019,27-04-2019,"Nyma, The New York Manhattan Hotel",868,7.5/10,"2,502"
26-04-2019,27-04-2019,The Knickerbocker,944,8.8/10,"1,693"
26-04-2019,27-04-2019,The James New York - SoHo,784,8.1/10,381
26-04-2019,27-04-2019,Gardens Suites Hotel by Affinia,"1,205",8.5/10,418
26-04-2019,27-04-2019,"The Chatwal, a Luxury Collection Hotel, New York City","2,451",8.9/10,107
26-04-2019,27-04-2019,Crosby Street Hotel,"2,995",9.4/10,202
26-04-2019,27-04-2019,Hotel 48LEX New York,831,8.4/10,889
26-04-2019,27-04-2019,The Kimberly Hotel & Suites,"1,267",9.2/10,475
26-04-2019,27-04-2019,The Marmara Park Avenue,910,8.5/10,302
26-04-2019,27-04-2019,Sanctuary Hotel New York,741,8.4/10,"1,173"
26-04-2019,27-04-2019,AKA Tribeca,903,8.6/10,397
26-04-2019,27-04-2019,Lowell Hotel,"2,759",9.2/10,31
26-04-2019,27-04-2019,W New York - Union Square,"1,340",8.4/10,175
26-04-2019,27-04-2019,Stewart Hotel,650,7.7/10,"4,053"
26-04-2019,27-04-2019,Hotel Mulberry,977,8.7/10,665
26-04-2019,27-04-2019,Mandarin Oriental New York,"3,613",8.7/10,199
26-04-2019,27-04-2019,Holiday Inn Wall Street,650,8.1/10,493
26-04-2019,27-04-2019,The Whitby Hotel,"2,160",9.5/10,296
26-04-2019,27-04-2019,Holiday Inn Express Manhattan Midtown West,828,7.7/10,323
26-04-2019,27-04-2019,Hotel Giraffe by Library Hotel Collection,"1,206",9.4/10,427
26-04-2019,27-04-2019,Baccarat Hotel and Residences New York,"3,631",9.3/10,280
26-04-2019,27-04-2019,The Maritime Hotel,"1,021",8.9/10,605
26-04-2019,27-04-2019,Redford Hotel,752,6.8/10,346
26-04-2019,27-04-2019,Hampton Inn Seaport Financial District,534,8.3/10,402
26-04-2019,27-04-2019,"6 Columbus, Central Park a Sixty Hotel","1,046",7.7/10,335
26-04-2019,27-04-2019,Wyndham Garden Chinatown,866,8.1/10,368
26-04-2019,27-04-2019,"The Algonquin Hotel Times Square, Autograph Collection",940,8.7/10,132
26-04-2019,27-04-2019,San Carlos Hotel New York,869,9.0/10,771
26-04-2019,27-04-2019,The Benjamin,672,8.1/10,629
26-04-2019,27-04-2019,AC Hotel by Marriott New York Times Square,940,8.9/10,152
26-04-2019,27-04-2019,414 Hotel,"1,010",9.2/10,348
26-04-2019,27-04-2019,WestHouse Hotel New York,716,8.1/10,569
26-04-2019,27-04-2019,Dream Midtown,679,8.1/10,"1,919"
26-04-2019,27-04-2019,Sonder — Wall Street,723,8.0/10,15
26-04-2019,27-04-2019,The High Line Hotel,"1,449",8.4/10,224
26-04-2019,27-04-2019,Renaissance New York Hotel 57,940,7.9/10,660
26-04-2019,27-04-2019,Omni Berkshire Place,"1,376",8.6/10,366
26-04-2019,27-04-2019,The Surrey,"2,044",8.5/10,211
26-04-2019,27-04-2019,Renaissance New York Times Square Hotel,"1,086",8.4/10,330
26-04-2019,27-04-2019,"Staypineapple, an Artful Hotel New York",831,9.2/10,32
26-04-2019,27-04-2019,Gild Hall - A Thompson Hotel,977,9.0/10,801
26-04-2019,27-04-2019,Best Western Plus Hospitality House Suites,802,8.6/10,665
26-04-2019,27-04-2019,Viceroy Central Park New York,"1,049",7.8/10,969
26-04-2019,27-04-2019,"Marriott Vacation Club Pulse, New York City","1,231",8.5/10,86
26-04-2019,27-04-2019,New York Marriott Downtown,795,8.4/10,607
26-04-2019,27-04-2019,Hotel Elysee by Library Hotel Collection,"1,342",9.1/10,550
26-04-2019,27-04-2019,"The Renwick Hotel New York City, Curio Collection by Hilton",831,8.6/10,525
26-04-2019,27-04-2019,The William,"1,002",8.8/10,609
26-04-2019,27-04-2019,3 West Club,830,8.3/10,397
26-04-2019,27-04-2019,Holiday Inn Lower East Side,723,8.3/10,239
26-04-2019,27-04-2019,Sago Hotel,908,8.9/10,280
26-04-2019,27-04-2019,The Tuscany - A St Giles Signature Hotel,893,8.8/10,492
26-04-2019,27-04-2019,The Pearl Hotel,814,8.9/10,"1,323"
26-04-2019,27-04-2019,Library Hotel by Library Hotel Collection,"1,533",9.3/10,433
26-04-2019,27-04-2019,The James New York - NoMad,858,8.6/10,569
26-04-2019,27-04-2019,HI NYC Hostel,247,8.4/10,"11,965"
26-04-2019,27-04-2019,The Bowery House,646,6.5/10,"2,478"
26-04-2019,27-04-2019,Carlton Arms Hotel,995,7.3/10,"1,214"
26-04-2019,27-04-2019,Jazz on the Park Youth Hostel,207,6.6/10,"1,997"
27-04-2019,28-04-2019,Cassa Hotel Times Square,"1,173",7.9/10,"3,793"
27-04-2019,28-04-2019,Hotel Pennsylvania,561,5.6/10,"40,661"
27-04-2019,28-04-2019,"Martinique New York on Broadway, Curio Collection by Hilton",793,8.3/10,"7,919"
27-04-2019,28-04-2019,Hilton Garden Inn West 35th Street,778,8.6/10,"2,089"
27-04-2019,28-04-2019,DoubleTree by Hilton - Chelsea,681,7.8/10,"1,270"
27-04-2019,28-04-2019,Broadway at Times Square Hotel,775,8.4/10,"3,080"
27-04-2019,28-04-2019,Days Hotel by Wyndham on Broadway NYC,595,6.6/10,"5,035"
27-04-2019,28-04-2019,Night Hotel Times Square,793,7.5/10,"2,369"
27-04-2019,28-04-2019,Heritage Hotel New York City,825,7.2/10,"3,070"
27-04-2019,28-04-2019,Soho Grand Hotel,"1,039",8.5/10,"1,602"
27-04-2019,28-04-2019,Holiday Inn Express - Times Square,851,7.8/10,"2,192"
27-04-2019,28-04-2019,Westgate New York Grand Central,834,7.6/10,"1,610"
27-04-2019,28-04-2019,The Watson Hotel,681,7.8/10,"12,293"
27-04-2019,28-04-2019,"Club Quarters Hotel, Opposite Rockefeller Center",902,8.1/10,"2,032"
27-04-2019,28-04-2019,The Hotel @ Fifth Avenue,793,8.0/10,"6,965"
27-04-2019,28-04-2019,Millennium Times Square New York,974,7.7/10,"3,596"
27-04-2019,28-04-2019,The Redbury New York,974,8.1/10,"3,034"
27-04-2019,28-04-2019,New York Hilton Midtown,920,7.9/10,"3,796"
27-04-2019,28-04-2019,Cambria Hotel New York - Times Square,902,8.7/10,"3,869"
27-04-2019,28-04-2019,Holiday Inn Express New York City Chelsea,778,8.2/10,"2,327"
27-04-2019,28-04-2019,Cambria Hotel New York - Chelsea,829,8.8/10,"1,411"
27-04-2019,28-04-2019,Radio City Apartments,887,8.6/10,"4,386"
27-04-2019,28-04-2019,"The Standard, High Line New York","1,213",8.3/10,"3,035"
27-04-2019,28-04-2019,Hyatt Place New York/Midtown-South,720,8.6/10,"3,630"
27-04-2019,28-04-2019,Blakely New York Hotel,"1,068",8.5/10,"2,521"
27-04-2019,28-04-2019,"Night Hotel Theater District, Times Square",974,7.9/10,576
27-04-2019,28-04-2019,Wellington Hotel,807,7.8/10,"6,668"
27-04-2019,28-04-2019,1 Hotel Central Park,"1,626",8.9/10,"1,272"
27-04-2019,28-04-2019,Holiday Inn Express - Times Square South,793,8.3/10,"2,399"
27-04-2019,28-04-2019,Hotel Lucerne,972,8.5/10,"2,133"
27-04-2019,28-04-2019,The Hotel at Times Square,720,7.9/10,"7,808"
27-04-2019,28-04-2019,"Hotel Shocard, New York",815,8.3/10,"1,705"
27-04-2019,28-04-2019,Crowne Plaza Times Square,"1,177",8.2/10,"7,161"
27-04-2019,28-04-2019,The Hotel @ New York City,793,7.7/10,"3,893"
27-04-2019,28-04-2019,Hotel Wales,"1,012",8.1/10,934
27-04-2019,28-04-2019,Grand Hyatt New York,720,7.7/10,"4,773"
27-04-2019,28-04-2019,The Dominick Hotel,"1,539",8.6/10,"1,265"
27-04-2019,28-04-2019,"Park South, a Joie de Vivre Hotel","1,083",8.7/10,906
27-04-2019,28-04-2019,City Club Hotel,829,8.3/10,"1,125"
27-04-2019,28-04-2019,"Hudson New York, Central Park",706,7.1/10,"11,574"
27-04-2019,28-04-2019,The Standard - East Village,887,8.8/10,814
27-04-2019,28-04-2019,Hotel 50 Bowery,866,9.1/10,"2,411"
27-04-2019,28-04-2019,"LIFE Hotel, NoMad","1,191",8.1/10,"1,701"
27-04-2019,28-04-2019,Nolitan Hotel SoHo - New York,"1,032",8.6/10,797
27-04-2019,28-04-2019,Club Quarters Hotel Wall Street,684,8.4/10,"1,968"
27-04-2019,28-04-2019,Fairfield Inn by Marriott New York Manhattan/Financial District,684,8.3/10,"2,889"
27-04-2019,28-04-2019,Hampton Inn Madison Square Garden,"1,010",8.7/10,"1,212"
27-04-2019,28-04-2019,"The New Yorker, A Wyndham Hotel",673,7.9/10,"8,228"
27-04-2019,28-04-2019,The Allen Hotel,724,8.5/10,962
27-04-2019,28-04-2019,SoHo 54,746,8.0/10,627
27-04-2019,28-04-2019,Hyatt Herald Square New York,"1,372",8.3/10,"1,668"
27-04-2019,28-04-2019,Hampton Inn Manhattan-Times Square North,757,8.3/10,"1,629"
27-04-2019,28-04-2019,"The Lexington Hotel, Autograph Collection",923,8.1/10,"2,218"
27-04-2019,28-04-2019,Holiday Inn Manhattan Financial District,720,8.2/10,"2,426"
27-04-2019,28-04-2019,Candlewood Suites NYC -Times Square,938,8.1/10,"2,425"
27-04-2019,28-04-2019,Sheraton New York Times Square Hotel,"1,010",7.6/10,"1,908"
27-04-2019,28-04-2019,Hilton Garden Inn New York Manhattan Midtown East,720,8.5/10,946
27-04-2019,28-04-2019,Homewood Suites Midtown Manhattan Times Square South,"1,003",8.9/10,"2,002"
27-04-2019,28-04-2019,Novotel New York Times Square,974,8.4/10,"3,046"
27-04-2019,28-04-2019,The Marcel at Gramercy,829,8.3/10,"2,176"
27-04-2019,28-04-2019,Arlo SoHo,849,8.6/10,"3,708"
27-04-2019,28-04-2019,The Roxy Hotel Tribeca,"1,046",8.9/10,"1,226"
27-04-2019,28-04-2019,Flatiron Hotel,720,7.2/10,573
27-04-2019,28-04-2019,Westin New York at Times Square,"1,445",8.0/10,"1,266"
27-04-2019,28-04-2019,Hampton Inn Manhattan - Times Square South,883,8.4/10,"1,448"
27-04-2019,28-04-2019,The Jewel Facing Rockefeller Center,865,8.7/10,"1,225"
27-04-2019,28-04-2019,Arlo NoMad,813,8.7/10,"3,042"
27-04-2019,28-04-2019,Hilton Garden Inn Times Square,854,8.3/10,"1,931"
27-04-2019,28-04-2019,Sixty LES,"1,267",8.2/10,975
27-04-2019,28-04-2019,Fairfield Inn & Suites by Marriott New York Manhattan/Fifth Avenue,757,8.4/10,"1,296"
27-04-2019,28-04-2019,The Gatsby Hotel,938,7.8/10,321
27-04-2019,28-04-2019,Seton Hotel,724,8.4/10,"1,515"
27-04-2019,28-04-2019,Hyatt House New York/Chelsea,865,8.8/10,"2,414"
27-04-2019,28-04-2019,Best Western Premier Herald Square,796,8.6/10,"1,270"
27-04-2019,28-04-2019,Holiday Inn New York City - Times Square,720,8.3/10,849
27-04-2019,28-04-2019,The Manhattan Club,924,8.5/10,966
27-04-2019,28-04-2019,Hilton Times Square,"1,010",8.4/10,"1,854"
27-04-2019,28-04-2019,Hilton Garden Inn New York Times Square South,"1,155",8.7/10,"1,940"
27-04-2019,28-04-2019,Orchard Street Hotel,902,8.2/10,"1,175"
27-04-2019,28-04-2019,Hilton Garden Inn Times Square Central,742,8.3/10,"1,219"
27-04-2019,28-04-2019,Empire Hotel,808,7.6/10,"3,718"
27-04-2019,28-04-2019,Fairfield Inn & Suites by Marriott New York Midtown Manhattan/Penn Station,938,8.5/10,902
27-04-2019,28-04-2019,Andaz Wall Street-a concept by Hyatt,720,8.7/10,675
27-04-2019,28-04-2019,Lord & Moris - Times Square Hotel,576,7.8/10,718
27-04-2019,28-04-2019,Bentley Hotel,649,7.9/10,"1,856"
27-04-2019,28-04-2019,Hilton Garden Inn NYC Financial Center/Manhattan Downtown,"1,010",8.8/10,"1,509"
27-04-2019,28-04-2019,"The Paul Hotel NYC-Chelsea, an Ascend Hotel Collection Member","1,010",7.9/10,"1,348"
27-04-2019,28-04-2019,citizenM New York Bowery,"1,137",9.3/10,883
27-04-2019,28-04-2019,Millennium Hilton New York One UN Plaza,865,8.4/10,"3,956"
27-04-2019,28-04-2019,citizenM New York Times Square,920,9.2/10,"5,205"
27-04-2019,28-04-2019,U Hotel Fifth Avenue,793,8.3/10,"1,553"
27-04-2019,28-04-2019,Carvi Hotel New York,539,8.5/10,"1,147"
27-04-2019,28-04-2019,InterContinental New York Times Square,"1,810",8.0/10,"2,902"
27-04-2019,28-04-2019,The Assemblage John Street,"1,155",9.2/10,266
27-04-2019,28-04-2019,"Distrikt Hotel New York City, Tapestry Collection by Hilton",974,8.3/10,"1,454"
27-04-2019,28-04-2019,Staybridge Suites - Times Square - New York City,815,8.1/10,"3,176"
27-04-2019,28-04-2019,Courtyard by Marriott New York Downtown Manhattan/World Trade Center Area,902,8.5/10,"1,995"
27-04-2019,28-04-2019,"Club Quarters Hotel, Grand Central",938,8.8/10,"1,311"
27-04-2019,28-04-2019,Hyatt Centric Times Square New York,"1,191",8.7/10,"4,265"
27-04-2019,28-04-2019,Club Quarters Hotel Midtown - Times Square,865,8.3/10,"1,334"
27-04-2019,28-04-2019,Concorde Hotel New York,"1,068",9.0/10,854
27-04-2019,28-04-2019,La Quinta by Wyndham New York City Central Park,648,7.6/10,"3,398"
27-04-2019,28-04-2019,InterContinental New York Barclay Hotel,"1,083",8.7/10,"2,279"
27-04-2019,28-04-2019,"The Pierre, A Taj Hotel, New York","1,901",8.9/10,407
27-04-2019,28-04-2019,EVEN Hotel New York - Midtown East 44th,854,8.6/10,"1,698"
27-04-2019,28-04-2019,Solita Soho Hotel,720,7.8/10,663
27-04-2019,28-04-2019,Hilton Garden Inn New York/Midtown Park Avenue,923,8.5/10,"1,678"
27-04-2019,28-04-2019,New York Marriott Marquis,"1,807",8.2/10,"2,285"
27-04-2019,28-04-2019,Aliz Hotel Times Square,768,8.5/10,"1,262"
27-04-2019,28-04-2019,TRYP by Wyndham Times Square South,974,8.1/10,"2,719"
27-04-2019,28-04-2019,"The Langham, New York, Fifth Avenue","1,546",9.2/10,"1,099"
27-04-2019,28-04-2019,The Time New York,865,8.2/10,"1,963"
27-04-2019,28-04-2019,Four Points by Sheraton Midtown - Times Square,815,8.4/10,"2,992"
27-04-2019,28-04-2019,Executive Hotel Le Soleil New York,757,8.5/10,"2,633"
27-04-2019,28-04-2019,The Gallivant Times Square,657,7.3/10,"5,763"
27-04-2019,28-04-2019,Best Western Bowery Hanbee Hotel,762,8.2/10,"1,070"
27-04-2019,28-04-2019,The Roger,875,8.3/10,"1,086"
27-04-2019,28-04-2019,Dream Downtown,"1,032",7.7/10,"1,512"
27-04-2019,28-04-2019,The Evelyn,"1,010",8.9/10,290
27-04-2019,28-04-2019,Hampton Inn Manhattan Chelsea,720,8.5/10,827
27-04-2019,28-04-2019,The Frederick Hotel,865,8.4/10,"1,517"
27-04-2019,28-04-2019,Hotel 32 32,684,8.0/10,"1,022"
27-04-2019,28-04-2019,East Village Hotel,974,8.1/10,867
27-04-2019,28-04-2019,The NoMad Hotel,"1,144",9.0/10,657
27-04-2019,28-04-2019,Pod 39,757,8.2/10,"6,953"
27-04-2019,28-04-2019,Walker Hotel Greenwich Village,"1,249",8.4/10,792
27-04-2019,28-04-2019,Hilton Garden Inn New York/Tribeca,887,8.3/10,663
27-04-2019,28-04-2019,HGU New York,902,8.6/10,"1,634"
27-04-2019,28-04-2019,Loews Regency New York Hotel,"1,662",8.8/10,475
27-04-2019,28-04-2019,Kimpton Ink48 Hotel,"1,040",8.7/10,641
27-04-2019,28-04-2019,Four Points by Sheraton New York Downtown,720,8.0/10,"3,417"
27-04-2019,28-04-2019,Four Seasons Hotel New York Downtown,"2,009",9.3/10,290
27-04-2019,28-04-2019,Hotel Indigo Lower East Side,996,8.6/10,"1,165"
27-04-2019,28-04-2019,Embassy Suites By Hilton New York Midtown Manhattan,978,8.3/10,554
27-04-2019,28-04-2019,Hilton Garden Inn Central Park South,"1,010",8.3/10,"3,707"
27-04-2019,28-04-2019,Four Points by Sheraton Manhattan Midtown West,"1,119",8.4/10,"1,205"
27-04-2019,28-04-2019,Hotel Hugo,923,8.1/10,"1,078"
27-04-2019,28-04-2019,The Mansfield Hotel,757,7.6/10,775
27-04-2019,28-04-2019,SIXTY SoHo,"1,358",8.7/10,903
27-04-2019,28-04-2019,Cachet Boutique Hotel NYC,815,7.8/10,"1,064"
27-04-2019,28-04-2019,Hampton Inn Times Square Central,720,8.9/10,"2,241"
27-04-2019,28-04-2019,The Quin Central Park by Hilton Club,"1,336",8.8/10,"1,515"
27-04-2019,28-04-2019,Courtyard New York Manhattan/Times Square,"1,083",8.4/10,"1,290"
27-04-2019,28-04-2019,Park Terrace Hotel on Bryant Park,"1,068",9.1/10,89
27-04-2019,28-04-2019,"The Beekman, a Thompson Hotel","1,702",9.2/10,"2,503"
27-04-2019,28-04-2019,Hilton New York Fashion District,"1,010",8.2/10,"1,323"
27-04-2019,28-04-2019,11 Howard,"1,039",8.3/10,684
27-04-2019,28-04-2019,Room Mate Grace Boutique Hotel,938,8.7/10,"1,937"
27-04-2019,28-04-2019,"Hotel Henri New York, A Wyndham Hotel",583,7.9/10,508
27-04-2019,28-04-2019,Iberostar 70 Park Avenue,"1,300",8.3/10,"1,645"
27-04-2019,28-04-2019,Moderne Hotel,705,8.4/10,980
27-04-2019,28-04-2019,LUMA Hotel - Times Square,"1,394",9.2/10,"3,231"
27-04-2019,28-04-2019,The Iroquois New York,"1,264",8.9/10,606
27-04-2019,28-04-2019,The Peninsula New York,"2,697",8.8/10,295
27-04-2019,28-04-2019,Pod Times Square,757,8.6/10,"10,946"
27-04-2019,28-04-2019,Chambers Hotel,908,8.7/10,980
27-04-2019,28-04-2019,"The Bernic Hotel New York City,Tapestry Collection by Hilton",938,8.6/10,"1,672"
27-04-2019,28-04-2019,Freehand New York,"1,010",8.8/10,"1,129"
27-04-2019,28-04-2019,The Kitano Hotel New York,"1,453",8.7/10,835
27-04-2019,28-04-2019,Kimpton Hotel Eventi,"1,083",8.7/10,693
27-04-2019,28-04-2019,Hyatt Union Square New York,"1,300",8.7/10,500
27-04-2019,28-04-2019,Gramercy Park Hotel,"1,819",8.4/10,326
27-04-2019,28-04-2019,Sofitel New York,"1,191",8.6/10,"1,240"
27-04-2019,28-04-2019,Dylan Hotel NYC,648,8.0/10,"1,306"
27-04-2019,28-04-2019,EVEN Hotel New York Times Square South,"1,119",9.0/10,980
27-04-2019,28-04-2019,Hotel on Rivington,883,8.5/10,777
27-04-2019,28-04-2019,Mondrian Park Avenue,941,8.4/10,531
27-04-2019,28-04-2019,Q&A Residential Hotel,865,9.1/10,385
27-04-2019,28-04-2019,W New York - Times Square,"1,613",7.9/10,"1,738"
27-04-2019,28-04-2019,The Kimpton Muse Hotel,"1,083",8.8/10,713
27-04-2019,28-04-2019,The Mark New York,"2,878",9.0/10,262
27-04-2019,28-04-2019,Crowne Plaza HY36 Midtown Manhattan,902,8.7/10,680
27-04-2019,28-04-2019,Mr C Seaport,"1,249",8.9/10,95
27-04-2019,28-04-2019,Vanderbilt YMCA,525,7.3/10,"5,631"
27-04-2019,28-04-2019,Times Square EDITION,"1,445",9.7/10,6
27-04-2019,28-04-2019,Hampton Inn Manhattan/Downtown- Financial District,684,8.3/10,774
27-04-2019,28-04-2019,West Side YMCA,561,7.3/10,"6,276"
27-04-2019,28-04-2019,Four Points by Sheraton Manhattan Chelsea,"1,046",8.2/10,"1,407"
27-04-2019,28-04-2019,Comfort Inn Times Square West,"1,028",8.1/10,635
27-04-2019,28-04-2019,The Ridge Hotel,953,8.1/10,"1,307"
27-04-2019,28-04-2019,Americana Inn,793,7.5/10,"1,122"
27-04-2019,28-04-2019,Hudson River Hotel,739,7.0/10,"1,472"
27-04-2019,28-04-2019,Pod 51,648,7.9/10,"7,553"
27-04-2019,28-04-2019,Row NYC at Times Square,757,7.2/10,"11,301"
27-04-2019,28-04-2019,Midtown West Hotel,812,6.9/10,"1,638"
27-04-2019,28-04-2019,U.S. Pacific Hotel,683,6.4/10,"1,840"
27-04-2019,28-04-2019,Belnord Hotel,833,8.0/10,"3,858"
27-04-2019,28-04-2019,Midtown Convention Center Hotel NYC,695,6.5/10,"2,782"
27-04-2019,28-04-2019,The Jane,"1,177",8.1/10,"3,284"
27-04-2019,28-04-2019,Broadway Hotel & Hostel,677,7.0/10,"3,315"
27-04-2019,28-04-2019,Edge Hotel Washington Heights,"1,046",8.6/10,340
27-04-2019,28-04-2019,Colonial House Inn,657,8.3/10,430
27-04-2019,28-04-2019,Hotel Mela Times Square,720,7.9/10,"1,233"
27-04-2019,28-04-2019,The Manhattan at Times Square,677,6.8/10,"6,331"
27-04-2019,28-04-2019,The Manhattan at Times Square,677,6.8/10,"6,345"
27-04-2019,28-04-2019,Royal Park Hotel & Hostel,520,6.8/10,"1,491"
27-04-2019,28-04-2019,Econo Lodge Times Square,684,7.3/10,668
27-04-2019,28-04-2019,Manhattan Broadway Hotel,612,6.6/10,"1,144"
27-04-2019,28-04-2019,YOTEL New York Times Square,757,8.2/10,"4,401"
27-04-2019,28-04-2019,Shoreham Hotel,938,7.6/10,"1,475"
27-04-2019,28-04-2019,The Marlton Hotel,"1,213",8.6/10,"1,328"
27-04-2019,28-04-2019,Carnegie Hotel,974,8.9/10,"1,511"
27-04-2019,28-04-2019,SoHo Garden Hotel,870,7.8/10,"1,857"
27-04-2019,28-04-2019,Tier31 by ABRIKIM,"1,083",7.9/10,89
27-04-2019,28-04-2019,The GEM Hotel - Chelsea,974,7.7/10,"1,736"
27-04-2019,28-04-2019,Wyndham Midtown 45,"1,408",8.0/10,145
27-04-2019,28-04-2019,Washington Square Hotel,"1,105",8.7/10,"1,487"
27-04-2019,28-04-2019,Hotel Stanford NYC,736,8.0/10,"3,523"
27-04-2019,28-04-2019,Royalton New York,714,8.3/10,828
27-04-2019,28-04-2019,Park Central,609,7.9/10,"4,695"
27-04-2019,28-04-2019,Fifty Hotel & Suites by Affinia,902,8.2/10,"1,174"
27-04-2019,28-04-2019,Windsor Hotel,492,6.2/10,901
27-04-2019,28-04-2019,Lex Hotel NYC,829,8.7/10,284
27-04-2019,28-04-2019,Chelsea Savoy,959,7.8/10,259
27-04-2019,28-04-2019,Holiday Inn Express - Wall Street,634,8.1/10,713
27-04-2019,28-04-2019,Michelangelo Hotel,"1,376",8.8/10,660
27-04-2019,28-04-2019,Paramount Hotel Times Square,762,6.8/10,"4,637"
27-04-2019,28-04-2019,The Grand NYC Apartments,377,5.9/10,247
27-04-2019,28-04-2019,Park Lane Hotel - A Central Park Hotel,869,7.6/10,"5,498"
27-04-2019,28-04-2019,Madison LES Hotel,"1,159",7.8/10,255
27-04-2019,28-04-2019,Duane Street Hotel Tribeca,942,8.6/10,318
27-04-2019,28-04-2019,Casablanca Hotel by Library Hotel Collection,942,9.4/10,513
27-04-2019,28-04-2019,Millennium Premier New York Times Square,887,8.2/10,721
27-04-2019,28-04-2019,The Marmara Manhattan,"1,358",8.5/10,246
27-04-2019,28-04-2019,Hotel 91,920,7.5/10,"1,587"
27-04-2019,28-04-2019,The Ludlow Hotel,"1,611",9.1/10,"1,564"
27-04-2019,28-04-2019,Merrion Row Hotel and Public House,"1,159",9.3/10,118
27-04-2019,28-04-2019,"Nyma, The New York Manhattan Hotel",720,7.5/10,"2,495"
27-04-2019,28-04-2019,Parker New York,828,7.8/10,579
27-04-2019,28-04-2019,Off SoHo Suites Hotel,"1,083",7.9/10,492
27-04-2019,28-04-2019,Hotel Americano,923,8.0/10,240
27-04-2019,28-04-2019,NobleDEN Hotel,"1,000",9.1/10,954
27-04-2019,28-04-2019,The Pearl Hotel,877,8.9/10,"1,323"
27-04-2019,28-04-2019,Sister City New York,"1,011",8.9/10,17
27-04-2019,28-04-2019,The Greenwich Hotel,"2,353",9.5/10,127
27-04-2019,28-04-2019,The Plaza,"3,059",8.5/10,521
27-04-2019,28-04-2019,NoMo SoHo,850,8.2/10,"1,841"
27-04-2019,28-04-2019,Andaz 5th Avenue-a concept by Hyatt,980,8.7/10,542
27-04-2019,28-04-2019,Bryant Park Hotel,959,9.1/10,935
27-04-2019,28-04-2019,The Gotham Hotel,"1,010",8.1/10,512
27-04-2019,28-04-2019,138 Bowery,634,6.9/10,17
27-04-2019,28-04-2019,Sanctuary Hotel New York,863,8.4/10,"1,175"
27-04-2019,28-04-2019,Royalton Park Avenue,"1,025",8.6/10,998
27-04-2019,28-04-2019,The Franklin Hotel,955,7.0/10,777
27-04-2019,28-04-2019,Sanctuary Hotel New York,863,8.4/10,"1,174"
27-04-2019,28-04-2019,Hotel Wolcott,724,8.0/10,"1,369"
27-04-2019,28-04-2019,Renaissance New York Midtown Hotel,"1,191",8.9/10,916
27-04-2019,28-04-2019,The Sherry Netherland,"3,943",9.3/10,184
27-04-2019,28-04-2019,Fitzpatrick Manhattan,717,8.8/10,472
27-04-2019,28-04-2019,Shelburne Hotel & Suites by Affinia,799,8.1/10,601
27-04-2019,28-04-2019,The Wall Street Inn,634,8.6/10,550
27-04-2019,28-04-2019,Chelsea Pines Inn,"1,155",8.3/10,"1,011"
27-04-2019,28-04-2019,"The Renwick Hotel New York City, Curio Collection by Hilton","1,010",8.6/10,526
27-04-2019,28-04-2019,Roger Smith Hotel,925,8.4/10,540
27-04-2019,28-04-2019,The Knickerbocker,"1,231",8.8/10,"1,691"
27-04-2019,28-04-2019,Refinery Hotel - New York,974,8.8/10,504
27-04-2019,28-04-2019,Fairfield Inn & Suites New York Manhattan/Downtown East,757,8.4/10,765
27-04-2019,28-04-2019,Crosby Street Hotel,"2,987",9.4/10,202
27-04-2019,28-04-2019,The Westin New York Grand Central,"1,626",8.0/10,"1,074"
27-04-2019,28-04-2019,Dream Midtown,754,8.1/10,"1,916"
27-04-2019,28-04-2019,Courtyard by Marriott New York Manhattan/ Fifth Avenue,938,8.0/10,268
27-04-2019,28-04-2019,Gardens Suites Hotel by Affinia,"1,231",8.5/10,418
27-04-2019,28-04-2019,Mandarin Oriental New York,"3,602",8.7/10,198
27-04-2019,28-04-2019,W New York - Downtown,"1,083",8.0/10,388
27-04-2019,28-04-2019,The Marmara Park Avenue,908,8.5/10,301
27-04-2019,28-04-2019,The Kimberly Hotel & Suites,"1,264",9.2/10,477
27-04-2019,28-04-2019,Gild Hall - A Thompson Hotel,"1,119",9.0/10,800
27-04-2019,28-04-2019,The Whitby Hotel,"2,516",9.5/10,296
27-04-2019,28-04-2019,Stewart Hotel,779,7.7/10,"4,050"
27-04-2019,28-04-2019,Hotel Mulberry,974,8.7/10,665
27-04-2019,28-04-2019,"Staypineapple, an Artful Hotel New York",757,9.3/10,33
27-04-2019,28-04-2019,AKA Tribeca,825,8.6/10,397
27-04-2019,28-04-2019,Renaissance New York Times Square Hotel,974,8.4/10,330
27-04-2019,28-04-2019,The High Line Hotel,"1,264",8.4/10,224
27-04-2019,28-04-2019,Redford Hotel,663,6.7/10,347
27-04-2019,28-04-2019,The Maritime Hotel,"1,018",8.9/10,606
27-04-2019,28-04-2019,The James New York - SoHo,"1,054",8.1/10,382
27-04-2019,28-04-2019,"6 Columbus, Central Park a Sixty Hotel",985,7.7/10,336
27-04-2019,28-04-2019,Wyndham Garden Chinatown,957,8.1/10,368
27-04-2019,28-04-2019,"The Algonquin Hotel Times Square, Autograph Collection","1,083",8.7/10,132
27-04-2019,28-04-2019,The Benjamin,"1,083",8.1/10,629
27-04-2019,28-04-2019,414 Hotel,811,9.2/10,349
27-04-2019,28-04-2019,AC Hotel by Marriott New York Times Square,793,8.9/10,152
27-04-2019,28-04-2019,Hotel Beacon,"2,894",8.9/10,"2,631"
27-04-2019,28-04-2019,WestHouse Hotel New York,803,8.1/10,570
27-04-2019,28-04-2019,Omni Berkshire Place,"1,083",8.6/10,366
27-04-2019,28-04-2019,The Surrey,"1,875",8.5/10,210
27-04-2019,28-04-2019,Viceroy Central Park New York,974,7.8/10,968
27-04-2019,28-04-2019,Hilton Club New York,"1,785",8.6/10,22
27-04-2019,28-04-2019,Best Western Plus Hospitality House Suites,739,8.6/10,664
27-04-2019,28-04-2019,Hotel Giraffe by Library Hotel Collection,"1,202",9.4/10,427
27-04-2019,28-04-2019,Sago Hotel,906,8.9/10,280
27-04-2019,28-04-2019,San Carlos Hotel New York,893,9.0/10,774
27-04-2019,28-04-2019,New York Marriott Downtown,865,8.4/10,606
27-04-2019,28-04-2019,3 West Club,938,8.3/10,396
27-04-2019,28-04-2019,Hotel 48LEX New York,"1,227",8.4/10,889
27-04-2019,28-04-2019,The Maxwell New York City,"1,372",7.9/10,"1,192"
27-04-2019,28-04-2019,Hotel Elysee by Library Hotel Collection,"1,544",9.1/10,548
27-04-2019,28-04-2019,The William,"1,017",8.8/10,608
27-04-2019,28-04-2019,Baccarat Hotel and Residences New York,"3,802",9.3/10,280
27-04-2019,28-04-2019,The Tuscany - A St Giles Signature Hotel,788,8.8/10,492
27-04-2019,28-04-2019,Lowell Hotel,"4,942",9.2/10,31
27-04-2019,28-04-2019,The James New York - NoMad,855,8.6/10,571
27-04-2019,28-04-2019,New York Marriott East Side,938,7.7/10,225
27-04-2019,28-04-2019,Incentra Village Hotel,"1,257",8.0/10,152
27-04-2019,28-04-2019,HI NYC Hostel,492,8.4/10,"11,965"
27-04-2019,28-04-2019,The Bowery House,644,6.5/10,"2,485"
27-04-2019,28-04-2019,Jazz on the Park Youth Hostel,217,6.6/10,"2,005"
28-04-2019,29-04-2019,Cassa Hotel Times Square,536,7.9/10,"3,791"
28-04-2019,29-04-2019,Hotel Pennsylvania,362,5.6/10,"40,651"
28-04-2019,29-04-2019,RIU Plaza New York Times Square,513,8.7/10,"5,301"
28-04-2019,29-04-2019,"Martinique New York on Broadway, Curio Collection by Hilton",684,8.2/10,"7,920"
28-04-2019,29-04-2019,DoubleTree by Hilton NYC - Financial District,576,7.8/10,"3,146"
28-04-2019,29-04-2019,Amsterdam Court Hotel,518,7.3/10,"2,150"
28-04-2019,29-04-2019,"Club Quarters Hotel, Opposite Rockefeller Center",503,8.1/10,"2,033"
28-04-2019,29-04-2019,DoubleTree by Hilton - Chelsea,347,7.8/10,"1,271"
28-04-2019,29-04-2019,Hampton Inn Manhattan Grand Central,467,8.7/10,"2,335"
28-04-2019,29-04-2019,Night Hotel Times Square,358,7.5/10,"2,369"
28-04-2019,29-04-2019,Days Hotel by Wyndham on Broadway NYC,323,6.6/10,"5,028"
28-04-2019,29-04-2019,Heritage Hotel New York City,366,7.2/10,"3,066"
28-04-2019,29-04-2019,Hyatt House New York/Chelsea,793,8.8/10,"2,421"
28-04-2019,29-04-2019,Broadway at Times Square Hotel,485,8.4/10,"3,077"
28-04-2019,29-04-2019,Westgate New York Grand Central,530,7.6/10,"1,609"
28-04-2019,29-04-2019,The Watson Hotel,323,7.8/10,"12,305"
28-04-2019,29-04-2019,Grand Hyatt New York,720,7.7/10,"4,772"
28-04-2019,29-04-2019,World Center Hotel,648,8.6/10,"3,379"
28-04-2019,29-04-2019,Soho Grand Hotel,583,8.5/10,"1,602"
28-04-2019,29-04-2019,Holiday Inn Express - Times Square,395,7.8/10,"2,191"
28-04-2019,29-04-2019,New York Hilton Midtown,648,7.9/10,"3,801"
28-04-2019,29-04-2019,Doubletree By Hilton New York Times Square West,395,8.0/10,"4,437"
28-04-2019,29-04-2019,The Hotel @ Fifth Avenue,449,8.0/10,"6,967"
28-04-2019,29-04-2019,Millennium Times Square New York,612,7.7/10,"3,599"
28-04-2019,29-04-2019,Hyatt Herald Square New York,395,8.3/10,"1,672"
28-04-2019,29-04-2019,DoubleTree by Hilton Metropolitan New York City,395,7.7/10,"3,513"
28-04-2019,29-04-2019,Cambria Hotel New York - Times Square,395,8.7/10,"3,871"
28-04-2019,29-04-2019,The Redbury New York,612,8.1/10,"3,031"
28-04-2019,29-04-2019,Holiday Inn Express New York City Chelsea,362,8.2/10,"2,326"
28-04-2019,29-04-2019,The Roxy Hotel Tribeca,757,8.9/10,"1,225"
28-04-2019,29-04-2019,Hilton Times Square,395,8.4/10,"1,856"
28-04-2019,29-04-2019,The Hotel at Times Square,467,7.9/10,"7,806"
28-04-2019,29-04-2019,Cambria Hotel New York - Chelsea,395,8.8/10,"1,413"
28-04-2019,29-04-2019,Radio City Apartments,322,8.6/10,"4,386"
28-04-2019,29-04-2019,Hyatt Place New York/Midtown-South,395,8.6/10,"3,635"
28-04-2019,29-04-2019,Eurostars Wall Street,420,8.1/10,907
28-04-2019,29-04-2019,Wellington Hotel,319,7.8/10,"6,664"
28-04-2019,29-04-2019,Hampton Inn Madison Square Garden,395,8.7/10,"1,214"
28-04-2019,29-04-2019,Holiday Inn Express - Times Square South,431,8.3/10,"2,398"
28-04-2019,29-04-2019,Blakely New York Hotel,670,8.5/10,"2,519"
28-04-2019,29-04-2019,Hotel Lucerne,615,8.5/10,"2,132"
28-04-2019,29-04-2019,Hotel Edison Times Square,333,7.6/10,"12,514"
28-04-2019,29-04-2019,"Hotel Shocard, New York",326,8.3/10,"1,704"
28-04-2019,29-04-2019,The Hotel @ New York City,485,7.7/10,"3,891"
28-04-2019,29-04-2019,"Hudson New York, Central Park",467,7.1/10,"11,583"
28-04-2019,29-04-2019,Hotel Wales,966,8.1/10,935
28-04-2019,29-04-2019,Crowne Plaza Times Square,308,8.2/10,"7,151"
28-04-2019,29-04-2019,"Night Hotel Theater District, Times Square",358,7.9/10,575
28-04-2019,29-04-2019,"Distrikt Hotel New York City, Tapestry Collection by Hilton",358,8.3/10,"1,457"
28-04-2019,29-04-2019,Aloft Harlem,594,8.4/10,773
28-04-2019,29-04-2019,"Park South, a Joie de Vivre Hotel",684,8.7/10,907
28-04-2019,29-04-2019,DoubleTree by Hilton New York Times Square South,347,7.4/10,"1,292"
28-04-2019,29-04-2019,Sofitel New York,720,8.6/10,"1,239"
28-04-2019,29-04-2019,The Dominick Hotel,"1,177",8.6/10,"1,264"
28-04-2019,29-04-2019,Courtyard by Marriott New York Manhattan/Chelsea,539,8.6/10,898
28-04-2019,29-04-2019,Hilton Garden Inn Times Square,358,8.3/10,"1,932"
28-04-2019,29-04-2019,Residence Inn by Marriott New York Manhattan/Times Square,503,8.3/10,"3,812"
28-04-2019,29-04-2019,Fairfield Inn by Marriott New York Manhattan/Financial District,395,8.3/10,"2,894"
28-04-2019,29-04-2019,Aloft Manhattan Downtown - Financial District,395,8.4/10,"1,253"
28-04-2019,29-04-2019,Harlem Lofts,471,8.9/10,133
28-04-2019,29-04-2019,Courtyard by Marriott New York Manhattan/Central Park,648,8.2/10,"5,897"
28-04-2019,29-04-2019,Arlo SoHo,433,8.6/10,"3,708"
28-04-2019,29-04-2019,Candlewood Suites NYC -Times Square,453,8.1/10,"2,426"
28-04-2019,29-04-2019,Residence Inn by Marriott New York Manhattan/Central Park,757,8.3/10,"1,913"
28-04-2019,29-04-2019,"The New Yorker, A Wyndham Hotel",395,7.9/10,"8,231"
28-04-2019,29-04-2019,Courtyard by Marriott Times Square West,539,8.7/10,"2,012"
28-04-2019,29-04-2019,Fairfield Inn & Suites by Marriott New York Downtown Manhattan/World Trade Center Area,395,8.8/10,"1,367"
28-04-2019,29-04-2019,Hilton Garden Inn New York/Midtown Park Avenue,453,8.5/10,"1,675"
28-04-2019,29-04-2019,Homewood Suites Midtown Manhattan Times Square South,576,8.9/10,"2,003"
28-04-2019,29-04-2019,Hampton Inn Manhattan-Times Square North,362,8.3/10,"1,630"
28-04-2019,29-04-2019,Warwick New York,634,8.3/10,"4,164"
28-04-2019,29-04-2019,Nolitan Hotel SoHo - New York,499,8.6/10,797
28-04-2019,29-04-2019,Hilton Garden Inn New York Times Square South,503,8.7/10,"1,941"
28-04-2019,29-04-2019,InterContinental New York Barclay Hotel,902,8.7/10,"2,282"
28-04-2019,29-04-2019,Holiday Inn Manhattan Financial District,395,8.2/10,"2,424"
28-04-2019,29-04-2019,Sheraton New York Times Square Hotel,720,7.6/10,"1,906"
28-04-2019,29-04-2019,Gansevoort Meatpacking,570,8.3/10,"1,661"
28-04-2019,29-04-2019,The Marcel at Gramercy,467,8.3/10,"2,178"
28-04-2019,29-04-2019,Bentley Hotel,459,7.9/10,"1,863"
28-04-2019,29-04-2019,Ace Hotel New York,648,8.4/10,"1,562"
28-04-2019,29-04-2019,Westin New York at Times Square,576,8.0/10,"1,265"
28-04-2019,29-04-2019,City Club Hotel,358,8.3/10,"1,122"
28-04-2019,29-04-2019,Novotel New York Times Square,648,8.4/10,"3,044"
28-04-2019,29-04-2019,Hilton Garden Inn New York Manhattan Midtown East,369,8.5/10,947
28-04-2019,29-04-2019,SoHo 54,355,8.0/10,628
28-04-2019,29-04-2019,Hilton Garden Inn NYC Financial Center/Manhattan Downtown,431,8.8/10,"1,515"
28-04-2019,29-04-2019,Athenas Domus # 2,887,9.4/10,53
28-04-2019,29-04-2019,Hampton Inn Manhattan-35th Street/Empire State Building,358,8.6/10,"1,452"
28-04-2019,29-04-2019,Millennium Hilton New York One UN Plaza,684,8.4/10,"3,951"
28-04-2019,29-04-2019,1 Hotel Central Park,"1,010",8.9/10,"1,271"
28-04-2019,29-04-2019,Hotel Mimosa,725,8.5/10,911
28-04-2019,29-04-2019,Iberostar 70 Park Avenue,902,8.3/10,"1,645"
28-04-2019,29-04-2019,Hotel 50 Bowery,605,9.1/10,"2,412"
28-04-2019,29-04-2019,AKA Wall Street,923,9.3/10,780
28-04-2019,29-04-2019,Lord & Moris - Times Square Hotel,503,7.8/10,721
28-04-2019,29-04-2019,The Gatsby Hotel,431,7.8/10,321
28-04-2019,29-04-2019,Hampton Inn Manhattan - Times Square South,369,8.4/10,"1,448"
28-04-2019,29-04-2019,Andaz Wall Street-a concept by Hyatt,648,8.7/10,676
28-04-2019,29-04-2019,"LIFE Hotel, NoMad",648,8.1/10,"1,701"
28-04-2019,29-04-2019,Best Western Premier Herald Square,467,8.6/10,"1,272"
28-04-2019,29-04-2019,Hampton Inn Manhattan - Times Square South,369,8.4/10,"1,451"
28-04-2019,29-04-2019,Hyatt Centric Times Square New York,865,8.7/10,"4,279"
28-04-2019,29-04-2019,MOXY NYC Times Square,467,8.5/10,"5,646"
28-04-2019,29-04-2019,Staybridge Suites - Times Square - New York City,416,8.1/10,"3,181"
28-04-2019,29-04-2019,Leon Hotel,348,8.3/10,"1,492"
28-04-2019,29-04-2019,Orchard Street Hotel,467,8.3/10,"1,176"
28-04-2019,29-04-2019,Flatiron Hotel,467,7.2/10,564
28-04-2019,29-04-2019,Hotel 32 32,453,8.1/10,"1,020"
28-04-2019,29-04-2019,TRYP by Wyndham Times Square South,418,8.1/10,"2,720"
28-04-2019,29-04-2019,AKA Central Park,"1,720",8.4/10,703
28-04-2019,29-04-2019,The Jewel Facing Rockefeller Center,684,8.7/10,"1,225"
28-04-2019,29-04-2019,Fairfield Inn & Suites by Marriott New York Midtown Manhattan/Penn Station,467,8.5/10,899
28-04-2019,29-04-2019,The Manhattan Club,576,8.5/10,970
28-04-2019,29-04-2019,Holiday Inn Manhattan 6th Ave - Chelsea,344,7.5/10,"1,632"
28-04-2019,29-04-2019,The Roosevelt Hotel,503,7.1/10,"1,204"
28-04-2019,29-04-2019,Arlo NoMad,505,8.7/10,"3,038"
28-04-2019,29-04-2019,Conrad New York,"1,119",9.1/10,936
28-04-2019,29-04-2019,"The Lexington Hotel, Autograph Collection",579,8.1/10,"2,223"
28-04-2019,29-04-2019,"The Pierre, A Taj Hotel, New York","1,792",8.9/10,407
28-04-2019,29-04-2019,"The Beekman, a Thompson Hotel","1,264",9.2/10,"2,507"
28-04-2019,29-04-2019,Holiday Inn New York City - Times Square,395,8.3/10,851
28-04-2019,29-04-2019,Concorde Hotel New York,739,9.0/10,859
28-04-2019,29-04-2019,citizenM New York Bowery,576,9.3/10,892
28-04-2019,29-04-2019,Archer Hotel New York,648,8.9/10,"1,350"
28-04-2019,29-04-2019,citizenM New York Times Square,612,9.2/10,"5,211"
28-04-2019,29-04-2019,Aliz Hotel Times Square,420,8.5/10,"1,268"
28-04-2019,29-04-2019,InterContinental New York Times Square,760,8.0/10,"2,912"
28-04-2019,29-04-2019,Hilton Garden Inn Times Square Central,358,8.3/10,"1,216"
28-04-2019,29-04-2019,"The Paul Hotel NYC-Chelsea, an Ascend Hotel Collection Member",358,7.9/10,"1,340"
28-04-2019,29-04-2019,AC Hotel by Marriott New York Downtown,576,8.9/10,293
28-04-2019,29-04-2019,The Gallivant Times Square,242,7.3/10,"5,778"
28-04-2019,29-04-2019,W New York - Times Square,788,7.9/10,"1,741"
28-04-2019,29-04-2019,Four Points by Sheraton New York Downtown,395,8.0/10,"3,409"
28-04-2019,29-04-2019,Carvi Hotel New York,395,8.5/10,"1,148"
28-04-2019,29-04-2019,U Hotel Fifth Avenue,358,8.3/10,"1,550"
28-04-2019,29-04-2019,Hampton Inn Manhattan Chelsea,395,8.5/10,830
28-04-2019,29-04-2019,Hilton Garden Inn New York/Tribeca,742,8.3/10,662
28-04-2019,29-04-2019,Fairfield Inn & Suites by Marriott New York Manhattan/Central Park,485,8.5/10,616
28-04-2019,29-04-2019,Cachet Boutique Hotel NYC,416,7.8/10,"1,064"
28-04-2019,29-04-2019,Club Quarters Hotel Midtown - Times Square,467,8.3/10,"1,335"
28-04-2019,29-04-2019,The Quin Central Park by Hilton Club,"1,191",8.8/10,"1,514"
28-04-2019,29-04-2019,The Mercer,"3,059",9.0/10,247
28-04-2019,29-04-2019,The Peninsula New York,"2,697",8.8/10,295
28-04-2019,29-04-2019,"The Langham, New York, Fifth Avenue","1,448",9.2/10,"1,105"
28-04-2019,29-04-2019,The Roger,733,8.3/10,"1,084"
28-04-2019,29-04-2019,EVEN Hotel New York - Midtown East 44th,503,8.6/10,"1,699"
28-04-2019,29-04-2019,The Allen Hotel,380,8.5/10,962
28-04-2019,29-04-2019,Sixty LES,724,8.2/10,978
28-04-2019,29-04-2019,Empire Hotel,461,7.6/10,"3,713"
28-04-2019,29-04-2019,The Kimpton Muse Hotel,684,8.8/10,708
28-04-2019,29-04-2019,Ameritania at Times Square,397,8.3/10,"2,719"
28-04-2019,29-04-2019,"The Langham, New York, Fifth Avenue","1,448",9.2/10,"1,102"
28-04-2019,29-04-2019,MADE Hotel,670,9.0/10,"1,906"
28-04-2019,29-04-2019,Four Points by Sheraton Midtown - Times Square,471,8.4/10,"2,993"
28-04-2019,29-04-2019,The Time New York,612,8.2/10,"1,968"
28-04-2019,29-04-2019,Fairfield Inn & Suites By Marriott New York Manhattan/Times Square,539,8.4/10,"4,217"
28-04-2019,29-04-2019,Moxy NYC Chelsea,539,8.7/10,86
28-04-2019,29-04-2019,Dream Downtown,516,7.7/10,"1,512"
28-04-2019,29-04-2019,The Assemblage John Street,938,9.2/10,267
28-04-2019,29-04-2019,Hilton Garden Inn Central Park South,358,8.3/10,"3,700"
28-04-2019,29-04-2019,Artezen Hotel,431,9.6/10,24
28-04-2019,29-04-2019,Trump International New York,"1,454",8.9/10,889
28-04-2019,29-04-2019,Best Western Bowery Hanbee Hotel,377,8.2/10,"1,073"
28-04-2019,29-04-2019,HGU New York,431,8.6/10,"1,631"
28-04-2019,29-04-2019,Moxy NYC Downtown,612,8.8/10,338
28-04-2019,29-04-2019,Executive Hotel Le Soleil New York,489,8.5/10,"2,628"
28-04-2019,29-04-2019,The Evelyn,612,8.9/10,294
28-04-2019,29-04-2019,Element Times Square West,395,7.9/10,"8,805"
28-04-2019,29-04-2019,The NoMad Hotel,"1,086",9.0/10,656
28-04-2019,29-04-2019,East Village Hotel,720,8.1/10,865
28-04-2019,29-04-2019,Studios Midtown Manhattan,720,8.6/10,379
28-04-2019,29-04-2019,Walker Hotel Greenwich Village,706,8.4/10,792
28-04-2019,29-04-2019,La Quinta by Wyndham New York City Central Park,358,7.6/10,"3,394"
28-04-2019,29-04-2019,Sheraton Tribeca New York Hotel,395,8.1/10,"2,530"
28-04-2019,29-04-2019,Loews Regency New York Hotel,"1,662",8.8/10,475
28-04-2019,29-04-2019,Kimpton Ink48 Hotel,602,8.7/10,643
28-04-2019,29-04-2019,AKA Times Square,724,8.7/10,764
28-04-2019,29-04-2019,Four Points by Sheraton Manhattan SoHo Village,362,8.1/10,"1,197"
28-04-2019,29-04-2019,Hotel Indigo Lower East Side,576,8.6/10,"1,164"
28-04-2019,29-04-2019,Room Mate Grace Boutique Hotel,503,8.7/10,"1,936"
28-04-2019,29-04-2019,LUMA Hotel - Times Square,525,9.2/10,"3,233"
28-04-2019,29-04-2019,Park Terrace Hotel on Bryant Park,742,9.0/10,91
28-04-2019,29-04-2019,SpringHill Suites by Marriott New York Midtown Manhattan/Fifth Avenue,467,8.5/10,539
28-04-2019,29-04-2019,The Frederick Hotel,489,8.5/10,"1,516"
28-04-2019,29-04-2019,Embassy Suites By Hilton New York Midtown Manhattan,467,8.3/10,561
28-04-2019,29-04-2019,The Kitano Hotel New York,"1,453",8.7/10,836
28-04-2019,29-04-2019,Four Points by Sheraton Manhattan Midtown West,666,8.4/10,"1,207"
28-04-2019,29-04-2019,Hotel Hayden New York,358,8.2/10,"1,208"
28-04-2019,29-04-2019,Courtyard New York Manhattan/Midtown East,503,8.3/10,672
28-04-2019,29-04-2019,The London NYC,"1,702",8.1/10,"1,118"
28-04-2019,29-04-2019,SIXTY SoHo,634,8.7/10,904
28-04-2019,29-04-2019,The Mansfield Hotel,358,7.6/10,774
28-04-2019,29-04-2019,Club Quarters Hotel World Trade Center,648,8.6/10,"1,287"
28-04-2019,29-04-2019,Courtyard New York Manhattan/Times Square,467,8.4/10,"1,292"
28-04-2019,29-04-2019,"ELEVATOR, KING BED, TIMES SQUARE",720,9.1/10,5
28-04-2019,29-04-2019,Kimpton Hotel Eventi,572,8.7/10,690
28-04-2019,29-04-2019,Hotel Hugo,666,8.1/10,"1,079"
28-04-2019,29-04-2019,Chambers Hotel,692,8.7/10,977
28-04-2019,29-04-2019,Hampton Inn Times Square Central,395,8.9/10,"2,238"
28-04-2019,29-04-2019,"Club Quarters Hotel, Grand Central",467,8.8/10,"1,313"
28-04-2019,29-04-2019,Sohotel,539,8.4/10,"1,928"
28-04-2019,29-04-2019,Moderne Hotel,397,8.4/10,980
28-04-2019,29-04-2019,Hotel on Rivington,631,8.5/10,779
28-04-2019,29-04-2019,Club Quarters Hotel Wall Street,576,8.4/10,"1,969"
28-04-2019,29-04-2019,"The Bernic Hotel New York City,Tapestry Collection by Hilton",503,8.6/10,"1,670"
28-04-2019,29-04-2019,"Hotel Henri New York, A Wyndham Hotel",355,7.9/10,508
28-04-2019,29-04-2019,Freehand New York,720,8.8/10,"1,129"
28-04-2019,29-04-2019,The Mark New York,"2,516",9.0/10,262
28-04-2019,29-04-2019,Hyatt Union Square New York,"1,300",8.7/10,500
28-04-2019,29-04-2019,Fairfield Inn & Suites by Marriott New York Manhattan/Chelsea,380,8.3/10,985
28-04-2019,29-04-2019,Four Seasons Hotel New York Downtown,"2,335",9.3/10,290
28-04-2019,29-04-2019,11 Howard,713,8.3/10,684
28-04-2019,29-04-2019,Q&A Residential Hotel,576,9.1/10,383
28-04-2019,29-04-2019,Dylan Hotel NYC,518,8.0/10,"1,306"
28-04-2019,29-04-2019,Hilton New York Fashion District,366,8.2/10,"1,324"
28-04-2019,29-04-2019,Pod Times Square,322,8.6/10,"10,966"
28-04-2019,29-04-2019,EVEN Hotel New York Times Square South,344,9.0/10,981
28-04-2019,29-04-2019,Courtyard by Marriott New York Manhattan/Herald Square,503,8.6/10,704
28-04-2019,29-04-2019,The Iroquois New York,684,8.9/10,606
28-04-2019,29-04-2019,Four Points by Sheraton Manhattan Chelsea,395,8.2/10,"1,407"
28-04-2019,29-04-2019,Gramercy Park Hotel,"1,372",8.4/10,326
28-04-2019,29-04-2019,Hotel Boutique at Grand Central,467,8.7/10,"2,081"
28-04-2019,29-04-2019,Mondrian Park Avenue,833,8.4/10,531
28-04-2019,29-04-2019,Crowne Plaza HY36 Midtown Manhattan,503,8.7/10,680
28-04-2019,29-04-2019,Mr C Seaport,"1,032",8.9/10,95
28-04-2019,29-04-2019,St Marks Hotel,431,7.1/10,"1,007"
28-04-2019,29-04-2019,Harlem YMCA,362,6.9/10,997
28-04-2019,29-04-2019,Bowery Grand Hotel,261,5.0/10,"2,176"
28-04-2019,29-04-2019,Vanderbilt YMCA,416,7.3/10,"5,636"
28-04-2019,29-04-2019,Hampton Inn Manhattan/Downtown- Financial District,395,8.3/10,773
28-04-2019,29-04-2019,Travel Inn - Midtown Manhattan,348,7.8/10,"1,591"
28-04-2019,29-04-2019,West Side YMCA,434,7.3/10,"6,276"
28-04-2019,29-04-2019,Comfort Inn Times Square West,377,8.1/10,634
28-04-2019,29-04-2019,The Bowery House,467,6.5/10,"2,485"
28-04-2019,29-04-2019,CITY ROOMS NYC - Soho,286,8.1/10,"1,121"
28-04-2019,29-04-2019,Chelsea Inn,289,7.8/10,"1,129"
28-04-2019,29-04-2019,The Ridge Hotel,365,8.1/10,"1,308"
28-04-2019,29-04-2019,Carlton Arms Hotel,496,7.3/10,"1,217"
28-04-2019,29-04-2019,Pod 51,467,7.9/10,"7,551"
28-04-2019,29-04-2019,Broadway Hotel & Hostel,371,7.0/10,"3,318"
28-04-2019,29-04-2019,Row NYC at Times Square,358,7.2/10,"11,290"
28-04-2019,29-04-2019,U.S. Pacific Hotel,267,6.4/10,"1,838"
28-04-2019,29-04-2019,Midtown West Hotel,614,6.9/10,"1,637"
28-04-2019,29-04-2019,Park West Hotel,403,6.7/10,"1,179"
28-04-2019,29-04-2019,The Skyline Hotel New York,778,8.0/10,"1,255"
28-04-2019,29-04-2019,CITY ROOMS NYC - Times Square,268,8.8/10,"1,417"
28-04-2019,29-04-2019,Belnord Hotel,344,8.0/10,"3,868"
28-04-2019,29-04-2019,Jazz on the Park Youth Hostel,462,6.6/10,"2,005"
28-04-2019,29-04-2019,The Jane,489,8.1/10,"3,288"
28-04-2019,29-04-2019,Hudson River Hotel,308,7.0/10,"1,474"
28-04-2019,29-04-2019,Hotel St. James,345,8.1/10,858
28-04-2019,29-04-2019,The French Quarters,677,9.2/10,"1,631"
28-04-2019,29-04-2019,Times Square EDITION,"1,264",9.7/10,6
28-04-2019,29-04-2019,Mayfair New York Times Square,464,7.4/10,667
28-04-2019,29-04-2019,Rostel,355,6.0/10,304
28-04-2019,29-04-2019,Americana Inn,422,7.5/10,"1,124"
28-04-2019,29-04-2019,Hotel Marrakech on Broadway,302,6.8/10,"2,974"
28-04-2019,29-04-2019,Riverside Tower Hotel,431,7.2/10,"2,331"
28-04-2019,29-04-2019,SoHo Garden Hotel,358,7.8/10,"1,857"
28-04-2019,29-04-2019,CITY ROOMS NYC - Chelsea,232,8.1/10,828
28-04-2019,29-04-2019,The Manhattan at Times Square,323,6.8/10,"6,331"
28-04-2019,29-04-2019,Hotel Mela Times Square,344,7.9/10,"1,235"
28-04-2019,29-04-2019,The Maxwell New York City,648,7.9/10,"1,190"
28-04-2019,29-04-2019,Royal Park Hotel & Hostel,274,6.8/10,"1,491"
28-04-2019,29-04-2019,YOTEL New York Times Square,489,8.2/10,"4,408"
28-04-2019,29-04-2019,Hotel 31,385,8.1/10,"2,459"
28-04-2019,29-04-2019,"Nyma, The New York Manhattan Hotel",308,7.5/10,"2,492"
28-04-2019,29-04-2019,Manhattan Broadway Hotel,322,6.6/10,"1,143"
28-04-2019,29-04-2019,Green Holidays Apartments,543,7.5/10,332
28-04-2019,29-04-2019,Shoreham Hotel,576,7.6/10,"1,479"
28-04-2019,29-04-2019,Carnegie Hotel,583,8.9/10,"1,508"
28-04-2019,29-04-2019,Park Lane Hotel - A Central Park Hotel,579,7.6/10,"5,489"
28-04-2019,29-04-2019,Econo Lodge Times Square,322,7.3/10,668
28-04-2019,29-04-2019,Washington Square Hotel,929,8.7/10,"1,486"
28-04-2019,29-04-2019,Royalton New York,486,8.3/10,828
28-04-2019,29-04-2019,Courtyard New York Manhattan/Upper East Side,431,8.1/10,807
28-04-2019,29-04-2019,The GEM Hotel - Chelsea,576,7.7/10,"1,737"
28-04-2019,29-04-2019,Hotel Stanford NYC,345,8.0/10,"3,523"
28-04-2019,29-04-2019,Tier31 by ABRIKIM,362,7.9/10,88
28-04-2019,29-04-2019,Renaissance New York Midtown Hotel,757,8.9/10,916
28-04-2019,29-04-2019,The Ludlow Hotel,"1,285",9.1/10,"1,564"
28-04-2019,29-04-2019,Colonial House Inn,609,8.3/10,430
28-04-2019,29-04-2019,Hotel Newton,344,7.9/10,"1,515"
28-04-2019,29-04-2019,Blue Moon Boutique Hostel & Hotel,720,7.7/10,"1,591"
28-04-2019,29-04-2019,Windsor Hotel,348,6.2/10,901
28-04-2019,29-04-2019,Lex Hotel NYC,467,8.7/10,285
28-04-2019,29-04-2019,The Marlton Hotel,"1,140",8.6/10,"1,330"
28-04-2019,29-04-2019,Canal Loft Hostel & Hotel,539,7.7/10,726
28-04-2019,29-04-2019,Soul Food (Mont Morris),434,8.8/10,512
28-04-2019,29-04-2019,The Park Ave North,322,7.8/10,511
28-04-2019,29-04-2019,Chelsea Savoy,851,7.8/10,259
28-04-2019,29-04-2019,Michelangelo Hotel,941,8.8/10,659
28-04-2019,29-04-2019,Millennium Hilton New York Downtown,648,8.3/10,"2,593"
28-04-2019,29-04-2019,Paramount Hotel Times Square,323,6.8/10,"4,641"
28-04-2019,29-04-2019,The Harlem Cascades,543,8.2/10,44
28-04-2019,29-04-2019,Holiday Inn Express - Wall Street,362,8.1/10,712
28-04-2019,29-04-2019,Madison LES Hotel,684,7.8/10,256
28-04-2019,29-04-2019,The Bowery Hotel,"2,154",9.1/10,602
28-04-2019,29-04-2019,The Pearl Hotel,551,8.9/10,"1,323"
28-04-2019,29-04-2019,The East Village Home,290,7.2/10,14
28-04-2019,29-04-2019,NoMo SoHo,441,8.2/10,"1,832"
28-04-2019,29-04-2019,Andaz 5th Avenue-a concept by Hyatt,"1,290",8.7/10,543
28-04-2019,29-04-2019,American Dream,467,8.5/10,19
28-04-2019,29-04-2019,Park Central,323,7.9/10,"4,690"
28-04-2019,29-04-2019,Duane Street Hotel Tribeca,551,8.6/10,318
28-04-2019,29-04-2019,Parker New York,612,7.8/10,582
28-04-2019,29-04-2019,Roger Smith Hotel,547,8.4/10,540
28-04-2019,29-04-2019,Casablanca Hotel by Library Hotel Collection,811,9.4/10,513
28-04-2019,29-04-2019,The Westin New York Grand Central,757,8.0/10,"1,074"
28-04-2019,29-04-2019,Merrion Row Hotel and Public House,652,9.3/10,119
28-04-2019,29-04-2019,Broadway Suite New York,688,7.6/10,380
28-04-2019,29-04-2019,The Central Park North,250,7.3/10,545
28-04-2019,29-04-2019,Hotel 91,525,7.5/10,"1,591"
28-04-2019,29-04-2019,W New York - Downtown,"1,069",8.0/10,388
28-04-2019,29-04-2019,Hotel Beacon,"1,372",8.9/10,"2,633"
28-04-2019,29-04-2019,The James New York - NoMad,677,8.6/10,572
28-04-2019,29-04-2019,Hotel Metro,467,8.4/10,766
28-04-2019,29-04-2019,The Plaza,"2,516",8.5/10,523
28-04-2019,29-04-2019,Chelsea Pines Inn,757,8.3/10,"1,012"
28-04-2019,29-04-2019,The Knickerbocker,941,8.9/10,"1,688"
28-04-2019,29-04-2019,The Marmara Manhattan,"1,220",8.4/10,250
28-04-2019,29-04-2019,Arthouse Hotel,688,8.3/10,"1,019"
28-04-2019,29-04-2019,Sister City New York,721,8.9/10,19
28-04-2019,29-04-2019,NobleDEN Hotel,643,9.1/10,955
28-04-2019,29-04-2019,The Grand NYC Apartments,133,5.9/10,249
28-04-2019,29-04-2019,Fitzpatrick Grand Central,521,9.0/10,602
28-04-2019,29-04-2019,Royalton Park Avenue,536,8.6/10,998
28-04-2019,29-04-2019,Viceroy Central Park New York,938,7.8/10,965
28-04-2019,29-04-2019,Bryant Park Hotel,887,9.1/10,940
28-04-2019,29-04-2019,The Harlem Getaway,453,7.8/10,12
28-04-2019,29-04-2019,"The Renwick Hotel New York City, Curio Collection by Hilton",431,8.6/10,526
28-04-2019,29-04-2019,Avalon Hotel,502,8.4/10,"1,314"
28-04-2019,29-04-2019,Millennium Premier New York Times Square,670,8.2/10,721
28-04-2019,29-04-2019,Sanctuary Hotel New York,394,8.4/10,"1,173"
28-04-2019,29-04-2019,Courtyard by Marriott New York Manhattan/ Fifth Avenue,612,8.0/10,270
28-04-2019,29-04-2019,The Franklin Hotel,828,7.0/10,777
28-04-2019,29-04-2019,138 Bowery,461,7.0/10,18
28-04-2019,29-04-2019,Hotel Wolcott,724,8.0/10,"1,372"
